1 552
2 1104
3 1656
4 2208
5 2760
6 3312
7 3864
8 4416
9 4968
10 5520
11 6072
12 6624
13 7176
14 7728
15 8280
16 8832
17 552
18 1104
19 1656
20 2208
21 2760
22 3312
23 3864
24 4416
25 4968
26 5520
27 6072
28 6624
29 7176
30 7728
31 8280
32 8832
33 552
34 1104
35 1656
36 2208
37 2760
38 3312
39 3864
40 4416
41 4968
42 5520
43 6072
44 6624
45 7176
46 7728
47 8280
48 8832
49 552
50 1104
51 1656
52 2208
53 2760
54 3312
55 3864
56 4416
57 4968
58 5520
59 6072
60 6624
61 7176
62 7728
63 8280
64 8832
65 552
66 1104
67 1656
68 2208
69 2760
70 3312
71 3864
72 4416
73 4968
74 5520
75 6072
76 6624
77 7176
78 7728
79 8280
80 8832
81 552
82 1104
83 1656
84 2208
85 2760
86 3312
87 3864
88 4416
89 4968
90 5520
91 6072
92 6624
93 7176
94 7728
95 8280
96 8832
97 552
98 1104
99 1656
100 2208
101 2760
102 3312
103 3864
104 4416
105 4968
106 5520
107 6072
108 6624
109 7176
110 7728
111 8280
112 8832
113 552
114 1104
115 1656
116 2208
117 2760
118 3312
119 3864
120 4416
121 4968
122 5520
123 6072
124 6624
125 7176
126 7728
127 8280
128 8832
129 552
130 1104
131 1656
132 2208
133 2760
134 3312
135 3864
136 4416
137 4968
138 5520
139 6072
140 6624
141 7176
142 7728
143 8280
144 8832
145 552
146 1104
147 1656
148 2208
149 2760
150 3312
151 3864
152 4416
153 4968
154 5520
155 6072
156 6624
157 7176
158 7728
159 8280
160 8832
161 552
162 1104
163 1656
164 2208
165 2760
166 3312
167 3864
168 4416
169 4968
170 5520
171 6072
172 6624
173 7176
174 7728
175 8280
176 8832
177 552
178 1104
179 1656
180 2208
181 2760
182 3312
183 3864
184 4416
185 4968
186 5520
187 6072
188 6624
189 7176
190 7728
191 8280
192 8832
193 552
194 1104
195 1656
196 2208
197 2760
198 3312
199 3864
200 4416
201 4968
202 5520
203 6072
204 6624
205 7176
206 7728
207 8280
208 8832
209 552
210 1104
211 1656
212 2208
213 2760
214 3312
215 3864
216 4416
217 4968
218 5520
219 6072
220 6624
221 7176
222 7728
223 8280
224 8832
225 552
226 1104
227 1656
228 2208
229 2760
230 3312
231 3864
232 4416
233 4968
234 5520
235 6072
236 6624
237 7176
238 7728
239 8280
240 8832
241 552
242 1104
243 1656
244 2208
245 2760
246 3312
247 3864
248 4416
249 4968
250 5520
251 6072
252 6624
253 7176
254 7728
255 8280
256 8832
257 552
258 1104
259 1656
260 2208
261 2760
262 3312
263 3864
264 4416
265 4968
266 5520
267 6072
268 6624
269 7176
270 7728
271 8280
272 8832
273 552
274 1104
275 1656
276 2208
277 2760
278 3312
279 3864
280 4416
281 4968
282 5520
283 6072
284 6624
285 7176
286 7728
287 8280
288 8832
289 552
290 1104
291 1656
292 2208
293 2760
294 3312
295 3864
296 4416
297 4968
298 5520
299 6072
300 6624
301 7176
302 7728
303 8280
304 8832
305 552
306 1104
307 1656
308 2208
309 2760
310 3312
311 3864
312 4416
313 4968
314 5520
315 6072
316 6624
317 7176
318 7728
319 8280
320 8832
321 552
322 1104
323 1656
324 2208
325 2760
326 3312
327 3864
328 4416
329 4968
330 5520
331 6072
332 6624
333 7176
334 7728
335 8280
336 8832
337 552
338 1104
339 1656
340 2208
341 2760
342 3312
343 3864
344 4416
345 4968
346 5520
347 6072
348 6624
349 7176
350 7728
351 8280
352 8832
353 552
354 1104
355 1656
356 2208
357 2760
358 3312
359 3864
360 4416
361 4968
362 5520
363 6072
364 6624
365 7176
366 7728
367 8280
368 8832
369 552
370 1104
371 1656
372 2208
373 2760
374 3312
375 3864
376 4416
377 4968
378 5520
379 6072
380 6624
381 7176
382 7728
383 8280
384 8832
385 552
386 1104
387 1656
388 2208
389 2760
390 3312
391 3864
392 4416
393 4968
394 5520
395 6072
396 6624
397 7176
398 7728
399 8280
400 8832
401 552
402 1104
403 1656
404 2208
405 2760
406 3312
407 3864
408 4416
409 4968
410 5520
411 6072
412 6624
413 7176
414 7728
415 8280
416 8832
417 552
418 1104
419 1656
420 2208
421 2760
422 3312
423 3864
424 4416
425 4968
426 5520
427 6072
428 6624
429 7176
430 7728
431 8280
432 8832
433 552
434 1104
435 1656
436 2208
437 2760
438 3312
439 3864
440 4416
441 4968
442 5520
443 6072
444 6624
445 7176
446 7728
447 8280
448 8832
449 552
450 1104
451 1656
452 2208
453 2760
454 3312
455 3864
456 4416
457 4968
458 5520
459 6072
460 6624
461 7176
462 7728
463 8280
464 8832
465 552
466 1104
467 1656
468 2208
469 2760
470 3312
471 3864
472 4416
473 4968
474 5520
475 6072
476 6624
477 7176
478 7728
479 8280
480 8832
481 552
482 1104
483 1656
484 2208
485 2760
486 3312
487 3864
488 4416
489 4968
490 5520
491 6072
492 6624
493 7176
494 7728
495 8280
496 8832
497 552
498 1104
499 1656
500 2208
501 2760
502 3312
503 3864
504 4416
505 4968
506 5520
507 6072
508 6624
509 7176
510 7728
511 8280
512 8832
513 552
514 1104
515 1656
516 2208
517 2760
518 3312
519 3864
520 4416
521 4968
522 5520
523 6072
524 6624
525 7176
526 7728
527 8280
528 8832
529 552
530 1104
531 1656
532 2208
533 2760
534 3312
535 3864
536 4416
537 4968
538 5520
539 6072
540 6624
541 7176
542 7728
543 8280
544 8832
545 552
546 1104
547 1656
548 2208
549 2760
550 3312
551 3864
552 4416
553 4968
554 5520
555 6072
556 6624
557 7176
558 7728
559 8280
560 8832
561 552
562 1104
563 1656
564 2208
565 2760
566 3312
567 3864
568 4416
569 4968
570 5520
571 6072
572 6624
573 7176
574 7728
575 8280
576 8832
577 552
578 1104
579 1656
580 2208
581 2760
582 3312
583 3864
584 4416
585 4968
586 5520
587 6072
588 6624
589 7176
590 7728
591 8280
592 8832
593 552
594 1104
595 1656
596 2208
597 2760
598 3312
599 3864
600 4416
601 4968
602 5520
603 6072
604 6624
605 7176
606 7728
607 8280
608 8832
609 552
610 1104
611 1656
612 2208
613 2760
614 3312
615 3864
616 4416
617 4968
618 5520
619 6072
620 6624
621 7176
622 7728
623 8280
624 8832
625 552
626 1104
627 1656
628 2208
629 2760
630 3312
631 3864
632 4416
633 4968
634 5520
635 6072
636 6624
637 7176
638 7728
639 8280
640 8832
641 552
642 1104
643 1656
644 2208
645 2760
646 3312
647 3864
648 4416
649 4968
650 5520
651 6072
652 6624
653 7176
654 7728
655 8280
656 8832
657 552
658 1104
659 1656
660 2208
661 2760
662 3312
663 3864
664 4416
665 4968
666 5520
667 6072
668 6624
669 7176
670 7728
671 8280
672 8832
673 552
674 1104
675 1656
676 2208
677 2760
678 3312
679 3864
680 4416
681 4968
682 5520
683 6072
684 6624
685 7176
686 7728
687 8280
688 8832
689 552
690 1104
691 1656
692 2208
693 2760
694 3312
695 3864
696 4416
697 4968
698 5520
699 6072
700 6624
701 7176
702 7728
703 8280
704 8832
705 552
706 1104
707 1656
708 2208
709 2760
710 3312
711 3864
712 4416
713 4968
714 5520
715 6072
716 6624
717 7176
718 7728
719 8280
720 8832
721 552
722 1104
723 1656
724 2208
725 2760
726 3312
727 3864
728 4416
729 4968
730 5520
731 6072
732 6624
733 7176
734 7728
735 8280
736 8832
737 552
738 1104
739 1656
740 2208
741 2760
742 3312
743 3864
744 4416
745 4968
746 5520
747 6072
748 6624
749 7176
750 7728
751 8280
752 8832
753 552
754 1104
755 1656
756 2208
757 2760
758 3312
759 3864
760 4416
761 4968
762 5520
763 6072
764 6624
765 7176
766 7728
767 8280
768 8832
769 552
770 1104
771 1656
772 2208
773 2760
774 3312
775 3864
776 4416
777 4968
778 5520
779 6072
780 6624
781 7176
782 7728
783 8280
784 8832
785 552
786 1104
787 1656
788 2208
789 2760
790 3312
791 3864
792 4416
793 4968
794 5520
795 6072
796 6624
797 7176
798 7728
799 8280
800 8832
801 552
802 1104
803 1656
804 2208
805 2760
806 3312
807 3864
808 4416
809 4968
810 5520
811 6072
812 6624
813 7176
814 7728
815 8280
816 8832
817 552
818 1104
819 1656
820 2208
821 2760
822 3312
823 3864
824 4416
825 4968
826 5520
827 6072
828 6624
829 7176
830 7728
831 8280
832 8832
833 552
834 1104
835 1656
836 2208
837 2760
838 3312
839 3864
840 4416
841 4968
842 5520
843 6072
844 6624
845 7176
846 7728
847 8280
848 8832
849 552
850 1104
851 1656
852 2208
853 2760
854 3312
855 3864
856 4416
857 4968
858 5520
859 6072
860 6624
861 7176
862 7728
863 8280
864 8832
865 552
866 1104
867 1656
868 2208
869 2760
870 3312
871 3864
872 4416
873 4968
874 5520
875 6072
876 6624
877 7176
878 7728
879 8280
880 8832
881 552
882 1104
883 1656
884 2208
885 2760
886 3312
887 3864
888 4416
889 4968
890 5520
891 6072
892 6624
893 7176
894 7728
895 8280
896 8832
897 552
898 1104
899 1656
900 2208
901 2760
902 3312
903 3864
904 4416
905 4968
906 5520
907 6072
908 6624
909 7176
910 7728
911 8280
912 8832
913 552
914 1104
915 1656
916 2208
917 2760
918 3312
919 3864
920 4416
921 4968
922 5520
923 6072
924 6624
925 7176
926 7728
927 8280
928 8832
929 552
930 1104
931 1656
932 2208
933 2760
934 3312
935 3864
936 4416
937 4968
938 5520
939 6072
940 6624
941 7176
942 7728
943 8280
944 8832
945 552
946 1104
947 1656
948 2208
949 2760
950 3312
951 3864
952 4416
953 4968
954 5520
955 6072
956 6624
957 7176
958 7728
959 8280
960 8832
961 552
962 1104
963 1656
964 2208
965 2760
966 3312
967 3864
968 4416
969 4968
970 5520
971 6072
972 6624
973 7176
974 7728
975 8280
976 8832
977 552
978 1104
979 1656
980 2208
981 2760
982 3312
983 3864
984 4416
985 4968
986 5520
987 6072
988 6624
989 7176
990 7728
991 8280
992 8832
993 552
994 1104
995 1656
996 2208
997 2760
998 3312
999 3864
1000 4416
1001 4968
1002 5520
1003 6072
1004 6624
1005 7176
1006 7728
1007 8280
1008 8832
1009 552
1010 1104
1011 1656
1012 2208
1013 2760
1014 3312
1015 3864
1016 4416
1017 4968
1018 5520
1019 6072
1020 6624
1021 7176
1022 7728
1023 8280
1024 8832
1025 552
1026 1104
1027 1656
1028 2208
1029 2760
1030 3312
1031 3864
1032 4416
1033 4968
1034 5520
1035 6072
1036 6624
1037 7176
1038 7728
1039 8280
1040 8832
1041 552
1042 1104
1043 1656
1044 2208
1045 2760
1046 3312
1047 3864
1048 4416
1049 4968
1050 5520
1051 6072
1052 6624
1053 7176
1054 7728
1055 8280
1056 8832
1057 552
1058 1104
1059 1656
1060 2208
1061 2760
1062 3312
1063 3864
1064 4416
1065 4968
1066 5520
1067 6072
1068 6624
1069 7176
1070 7728
1071 8280
1072 8832
1073 552
1074 1104
1075 1656
1076 2208
1077 2760
1078 3312
1079 3864
1080 4416
1081 4968
1082 5520
1083 6072
1084 6624
1085 7176
1086 7728
1087 8280
1088 8832
1089 552
1090 1104
1091 1656
1092 2208
1093 2760
1094 3312
1095 3864
1096 4416
1097 4968
1098 5520
1099 6072
1100 6624
1101 7176
1102 7728
1103 8280
1104 8832
1105 552
1106 1104
1107 1656
1108 2208
1109 2760
1110 3312
1111 3864
1112 4416
1113 4968
1114 5520
1115 6072
1116 6624
1117 7176
1118 7728
1119 8280
1120 8832
1121 552
1122 1104
1123 1656
1124 2208
1125 2760
1126 3312
1127 3864
1128 4416
1129 4968
1130 5520
1131 6072
1132 6624
1133 7176
1134 7728
1135 8280
1136 8832
1137 552
1138 1104
1139 1656
1140 2208
1141 2760
1142 3312
1143 3864
1144 4416
1145 4968
1146 5520
1147 6072
1148 6624
1149 7176
1150 7728
1151 8280
1152 8832
1153 552
1154 1104
1155 1656
1156 2208
1157 2760
1158 3312
1159 3864
1160 4416
1161 4968
1162 5520
1163 6072
1164 6624
1165 7176
1166 7728
1167 8280
1168 8832
1169 552
1170 1104
1171 1656
1172 2208
1173 2760
1174 3312
1175 3864
1176 4416
1177 4968
1178 5520
1179 6072
1180 6624
1181 7176
1182 7728
1183 8280
1184 8832
1185 552
1186 1104
1187 1656
1188 2208
1189 2760
1190 3312
1191 3864
1192 4416
1193 4968
1194 5520
1195 6072
1196 6624
1197 7176
1198 7728
1199 8280
1200 8832
1201 552
1202 1104
1203 1656
1204 2208
1205 2760
1206 3312
1207 3864
1208 4416
1209 4968
1210 5520
1211 6072
1212 6624
1213 7176
1214 7728
1215 8280
1216 8832
1217 552
1218 1104
1219 1656
1220 2208
1221 2760
1222 3312
1223 3864
1224 4416
1225 4968
1226 5520
1227 6072
1228 6624
1229 7176
1230 7728
1231 8280
1232 8832
1233 552
1234 1104
1235 1656
1236 2208
1237 2760
1238 3312
1239 3864
1240 4416
1241 4968
1242 5520
1243 6072
1244 6624
1245 7176
1246 7728
1247 8280
1248 8832
1249 552
1250 1104
1251 1656
1252 2208
1253 2760
1254 3312
1255 3864
1256 4416
1257 4968
1258 5520
1259 6072
1260 6624
1261 7176
1262 7728
1263 8280
1264 8832
1265 552
1266 1104
1267 1656
1268 2208
1269 2760
1270 3312
1271 3864
1272 4416
1273 4968
1274 5520
1275 6072
1276 6624
1277 7176
1278 7728
1279 8280
1280 8832
1281 552
1282 1104
1283 1656
1284 2208
1285 2760
1286 3312
1287 3864
1288 4416
1289 4968
1290 5520
1291 6072
1292 6624
1293 7176
1294 7728
1295 8280
1296 8832
1297 552
1298 1104
1299 1656
1300 2208
1301 2760
1302 3312
1303 3864
1304 4416
1305 4968
1306 5520
1307 6072
1308 6624
1309 7176
1310 7728
1311 8280
1312 8832
1313 552
1314 1104
1315 1656
1316 2208
1317 2760
1318 3312
1319 3864
1320 4416
1321 4968
1322 5520
1323 6072
1324 6624
1325 7176
1326 7728
1327 8280
1328 8832
1329 552
1330 1104
1331 1656
1332 2208
1333 2760
1334 3312
1335 3864
1336 4416
1337 4968
1338 5520
1339 6072
1340 6624
1341 7176
1342 7728
1343 8280
1344 8832
1345 552
1346 1104
1347 1656
1348 2208
1349 2760
1350 3312
1351 3864
1352 4416
1353 4968
1354 5520
1355 6072
1356 6624
1357 7176
1358 7728
1359 8280
1360 8832
1361 552
1362 1104
1363 1656
1364 2208
1365 2760
1366 3312
1367 3864
1368 4416
1369 4968
1370 5520
1371 6072
1372 6624
1373 7176
1374 7728
1375 8280
1376 8832
1377 552
1378 1104
1379 1656
1380 2208
1381 2760
1382 3312
1383 3864
1384 4416
1385 4968
1386 5520
1387 6072
1388 6624
1389 7176
1390 7728
1391 8280
1392 8832
1393 552
1394 1104
1395 1656
1396 2208
1397 2760
1398 3312
1399 3864
1400 4416
1401 4968
1402 5520
1403 6072
1404 6624
1405 7176
1406 7728
1407 8280
1408 8832
1409 552
1410 1104
1411 1656
1412 2208
1413 2760
1414 3312
1415 3864
1416 4416
1417 4968
1418 5520
1419 6072
1420 6624
1421 7176
1422 7728
1423 8280
1424 8832
1425 552
1426 1104
1427 1656
1428 2208
1429 2760
1430 3312
1431 3864
1432 4416
1433 4968
1434 5520
1435 6072
1436 6624
1437 7176
1438 7728
1439 8280
1440 8832
1441 552
1442 1104
1443 1656
1444 2208
1445 2760
1446 3312
1447 3864
1448 4416
1449 4968
1450 5520
1451 6072
1452 6624
1453 7176
1454 7728
1455 8280
1456 8832
1457 552
1458 1104
1459 1656
1460 2208
1461 2760
1462 3312
1463 3864
1464 4416
1465 4968
1466 5520
1467 6072
1468 6624
1469 7176
1470 7728
1471 8280
1472 8832
1473 552
1474 1104
1475 1656
1476 2208
1477 2760
1478 3312
1479 3864
1480 4416
1481 4968
1482 5520
1483 6072
1484 6624
1485 7176
1486 7728
1487 8280
1488 8832
1489 552
1490 1104
1491 1656
1492 2208
1493 2760
1494 3312
1495 3864
1496 4416
1497 4968
1498 5520
1499 6072
1500 6624
1501 7176
1502 7728
1503 8280
1504 8832
1505 552
1506 1104
1507 1656
1508 2208
1509 2760
1510 3312
1511 3864
1512 4416
1513 4968
1514 5520
1515 6072
1516 6624
1517 7176
1518 7728
1519 8280
1520 8832
1521 552
1522 1104
1523 1656
1524 2208
1525 2760
1526 3312
1527 3864
1528 4416
1529 4968
1530 5520
1531 6072
1532 6624
1533 7176
1534 7728
1535 8280
1536 8832
1537 552
1538 1104
1539 1656
1540 2208
1541 2760
1542 3312
1543 3864
1544 4416
1545 4968
1546 5520
1547 6072
1548 6624
1549 7176
1550 7728
1551 8280
1552 8832
1553 552
1554 1104
1555 1656
1556 2208
1557 2760
1558 3312
1559 3864
1560 4416
1561 4968
1562 5520
1563 6072
1564 6624
1565 7176
1566 7728
1567 8280
1568 8832
1569 552
1570 1104
1571 1656
1572 2208
1573 2760
1574 3312
1575 3864
1576 4416
1577 4968
1578 5520
1579 6072
1580 6624
1581 7176
1582 7728
1583 8280
1584 8832
1585 552
1586 1104
1587 1656
1588 2208
1589 2760
1590 3312
1591 3864
1592 4416
1593 4968
1594 5520
1595 6072
1596 6624
1597 7176
1598 7728
1599 8280
1600 8832
1601 552
1602 1104
1603 1656
1604 2208
1605 2760
1606 3312
1607 3864
1608 4416
1609 4968
1610 5520
1611 6072
1612 6624
1613 7176
1614 7728
1615 8280
1616 8832
1617 552
1618 1104
1619 1656
1620 2208
1621 2760
1622 3312
1623 3864
1624 4416
1625 4968
1626 5520
1627 6072
1628 6624
1629 7176
1630 7728
1631 8280
1632 8832
1633 552
1634 1104
1635 1656
1636 2208
1637 2760
1638 3312
1639 3864
1640 4416
1641 4968
1642 5520
1643 6072
1644 6624
1645 7176
1646 7728
1647 8280
1648 8832
1649 552
1650 1104
1651 1656
1652 2208
1653 2760
1654 3312
1655 3864
1656 4416
1657 4968
1658 5520
1659 6072
1660 6624
1661 7176
1662 7728
1663 8280
1664 8832
1665 552
1666 1104
1667 1656
1668 2208
1669 2760
1670 3312
1671 3864
1672 4416
1673 4968
1674 5520
1675 6072
1676 6624
1677 7176
1678 7728
1679 8280
1680 8832
1681 552
1682 1104
1683 1656
1684 2208
1685 2760
1686 3312
1687 3864
1688 4416
1689 4968
1690 5520
1691 6072
1692 6624
1693 7176
1694 7728
1695 8280
1696 8832
1697 552
1698 1104
1699 1656
1700 2208
1701 2760
1702 3312
1703 3864
1704 4416
1705 4968
1706 5520
1707 6072
1708 6624
1709 7176
1710 7728
1711 8280
1712 8832
1713 552
1714 1104
1715 1656
1716 2208
1717 2760
1718 3312
1719 3864
1720 4416
1721 4968
1722 5520
1723 6072
1724 6624
1725 7176
1726 7728
1727 8280
1728 8832
1729 552
1730 1104
1731 1656
1732 2208
1733 2760
1734 3312
1735 3864
1736 4416
1737 4968
1738 5520
1739 6072
1740 6624
1741 7176
1742 7728
1743 8280
1744 8832
1745 552
1746 1104
1747 1656
1748 2208
1749 2760
1750 3312
1751 3864
1752 4416
1753 4968
1754 5520
1755 6072
1756 6624
1757 7176
1758 7728
1759 8280
1760 8832
1761 552
1762 1104
1763 1656
1764 2208
1765 2760
1766 3312
1767 3864
1768 4416
1769 4968
1770 5520
1771 6072
1772 6624
1773 7176
1774 7728
1775 8280
1776 8832
1777 552
1778 1104
1779 1656
1780 2208
1781 2760
1782 3312
1783 3864
1784 4416
1785 4968
1786 5520
1787 6072
1788 6624
1789 7176
1790 7728
1791 8280
1792 8832
1793 552
1794 1104
1795 1656
1796 2208
1797 2760
1798 3312
1799 3864
1800 4416
1801 4968
1802 5520
1803 6072
1804 6624
1805 7176
1806 7728
1807 8280
1808 8832
1809 552
1810 1104
1811 1656
1812 2208
1813 2760
1814 3312
1815 3864
1816 4416
1817 4968
1818 5520
1819 6072
1820 6624
1821 7176
1822 7728
1823 8280
1824 8832
1825 552
1826 1104
1827 1656
1828 2208
1829 2760
1830 3312
1831 3864
1832 4416
1833 4968
1834 5520
1835 6072
1836 6624
1837 7176
1838 7728
1839 8280
1840 8832
1841 552
1842 1104
1843 1656
1844 2208
1845 2760
1846 3312
1847 3864
1848 4416
1849 4968
1850 5520
1851 6072
1852 6624
1853 7176
1854 7728
1855 8280
1856 8832
1857 552
1858 1104
1859 1656
1860 2208
1861 2760
1862 3312
1863 3864
1864 4416
1865 4968
1866 5520
1867 6072
1868 6624
1869 7176
1870 7728
1871 8280
1872 8832
1873 552
1874 1104
1875 1656
1876 2208
1877 2760
1878 3312
1879 3864
1880 4416
1881 4968
1882 5520
1883 6072
1884 6624
1885 7176
1886 7728
1887 8280
1888 8832
1889 552
1890 1104
1891 1656
1892 2208
1893 2760
1894 3312
1895 3864
1896 4416
1897 4968
1898 5520
1899 6072
1900 6624
1901 7176
1902 7728
1903 8280
1904 8832
1905 552
1906 1104
1907 1656
1908 2208
1909 2760
1910 3312
1911 3864
1912 4416
1913 4968
1914 5520
1915 6072
1916 6624
1917 7176
1918 7728
1919 8280
1920 8832
1921 552
1922 1104
1923 1656
1924 2208
1925 2760
1926 3312
1927 3864
1928 4416
1929 4968
1930 5520
1931 6072
1932 6624
1933 7176
1934 7728
1935 8280
1936 8832
1937 552
1938 1104
1939 1656
1940 2208
1941 2760
1942 3312
1943 3864
1944 4416
1945 4968
1946 5520
1947 6072
1948 6624
1949 7176
1950 7728
1951 8280
1952 8832
1953 552
1954 1104
1955 1656
1956 2208
1957 2760
1958 3312
1959 3864
1960 4416
1961 4968
1962 5520
1963 6072
1964 6624
1965 7176
1966 7728
1967 8280
1968 8832
1969 552
1970 1104
1971 1656
1972 2208
1973 2760
1974 3312
1975 3864
1976 4416
1977 4968
1978 5520
1979 6072
1980 6624
1981 7176
1982 7728
1983 8280
1984 8832
1985 552
1986 1104
1987 1656
1988 2208
1989 2760
1990 3312
1991 3864
1992 4416
1993 4968
1994 5520
1995 6072
1996 6624
1997 7176
1998 7728
1999 8280
2000 8832
2001 552
2002 1104
2003 1656
2004 2208
2005 2760
2006 3312
2007 3864
2008 4416
2009 4968
2010 5520
2011 6072
2012 6624
2013 7176
2014 7728
2015 8280
2016 8832
2017 552
2018 1104
2019 1656
2020 2208
2021 2760
2022 3312
2023 3864
2024 4416
2025 4968
2026 5520
2027 6072
2028 6624
2029 7176
2030 7728
2031 8280
2032 8832
2033 552
2034 1104
2035 1656
2036 2208
2037 2760
2038 3312
2039 3864
2040 4416
2041 4968
2042 5520
2043 6072
2044 6624
2045 7176
2046 7728
2047 8280
2048 8832
2049 552
2050 1104
2051 1656
2052 2208
2053 2760
2054 3312
2055 3864
2056 4416
2057 4968
2058 5520
2059 6072
2060 6624
2061 7176
2062 7728
2063 8280
2064 8832
2065 552
2066 1104
2067 1656
2068 2208
2069 2760
2070 3312
2071 3864
2072 4416
2073 4968
2074 5520
2075 6072
2076 6624
2077 7176
2078 7728
2079 8280
2080 8832
2081 552
2082 1104
2083 1656
2084 2208
2085 2760
2086 3312
2087 3864
2088 4416
2089 4968
2090 5520
2091 6072
2092 6624
2093 7176
2094 7728
2095 8280
2096 8832
2097 552
2098 1104
2099 1656
2100 2208
2101 2760
2102 3312
2103 3864
2104 4416
2105 4968
2106 5520
2107 6072
2108 6624
2109 7176
2110 7728
2111 8280
2112 8832
2113 552
2114 1104
2115 1656
2116 2208
2117 2760
2118 3312
2119 3864
2120 4416
2121 4968
2122 5520
2123 6072
2124 6624
2125 7176
2126 7728
2127 8280
2128 8832
2129 552
2130 1104
2131 1656
2132 2208
2133 2760
2134 3312
2135 3864
2136 4416
2137 4968
2138 5520
2139 6072
2140 6624
2141 7176
2142 7728
2143 8280
2144 8832
2145 552
2146 1104
2147 1656
2148 2208
2149 2760
2150 3312
2151 3864
2152 4416
2153 4968
2154 5520
2155 6072
2156 6624
2157 7176
2158 7728
2159 8280
2160 8832
2161 552
2162 1104
2163 1656
2164 2208
2165 2760
2166 3312
2167 3864
2168 4416
2169 4968
2170 5520
2171 6072
2172 6624
2173 7176
2174 7728
2175 8280
2176 8832
2177 552
2178 1104
2179 1656
2180 2208
2181 2760
2182 3312
2183 3864
2184 4416
2185 4968
2186 5520
2187 6072
2188 6624
2189 7176
2190 7728
2191 8280
2192 8832
2193 552
2194 1104
2195 1656
2196 2208
2197 2760
2198 3312
2199 3864
2200 4416
2201 4968
2202 5520
2203 6072
2204 6624
2205 7176
2206 7728
2207 8280
2208 8832
2209 552
2210 1104
2211 1656
2212 2208
2213 2760
2214 3312
2215 3864
2216 4416
2217 4968
2218 5520
2219 6072
2220 6624
2221 7176
2222 7728
2223 8280
2224 8832
2225 552
2226 1104
2227 1656
2228 2208
2229 2760
2230 3312
2231 3864
2232 4416
2233 4968
2234 5520
2235 6072
2236 6624
2237 7176
2238 7728
2239 8280
2240 8832
2241 552
2242 1104
2243 1656
2244 2208
2245 2760
2246 3312
2247 3864
2248 4416
2249 4968
2250 5520
2251 6072
2252 6624
2253 7176
2254 7728
2255 8280
2256 8832
2257 552
2258 1104
2259 1656
2260 2208
2261 2760
2262 3312
2263 3864
2264 4416
2265 4968
2266 5520
2267 6072
2268 6624
2269 7176
2270 7728
2271 8280
2272 8832
2273 552
2274 1104
2275 1656
2276 2208
2277 2760
2278 3312
2279 3864
2280 4416
2281 4968
2282 5520
2283 6072
2284 6624
2285 7176
2286 7728
2287 8280
2288 8832
2289 552
2290 1104
2291 1656
2292 2208
2293 2760
2294 3312
2295 3864
2296 4416
2297 4968
2298 5520
2299 6072
2300 6624
2301 7176
2302 7728
2303 8280
2304 8832
2305 552
2306 1104
2307 1656
2308 2208
2309 2760
2310 3312
2311 3864
2312 4416
2313 4968
2314 5520
2315 6072
2316 6624
2317 7176
2318 7728
2319 8280
2320 8832
2321 552
2322 1104
2323 1656
2324 2208
2325 2760
2326 3312
2327 3864
2328 4416
2329 4968
2330 5520
2331 6072
2332 6624
2333 7176
2334 7728
2335 8280
2336 8832
2337 552
2338 1104
2339 1656
2340 2208
2341 2760
2342 3312
2343 3864
2344 4416
2345 4968
2346 5520
2347 6072
2348 6624
2349 7176
2350 7728
2351 8280
2352 8832
2353 552
2354 1104
2355 1656
2356 2208
2357 2760
2358 3312
2359 3864
2360 4416
2361 4968
2362 5520
2363 6072
2364 6624
2365 7176
2366 7728
2367 8280
2368 8832
2369 552
2370 1104
2371 1656
2372 2208
2373 2760
2374 3312
2375 3864
2376 4416
2377 4968
2378 5520
2379 6072
2380 6624
2381 7176
2382 7728
2383 8280
2384 8832
2385 552
2386 1104
2387 1656
2388 2208
2389 2760
2390 3312
2391 3864
2392 4416
2393 4968
2394 5520
2395 6072
2396 6624
2397 7176
2398 7728
2399 8280
2400 8832
2401 552
2402 1104
2403 1656
2404 2208
2405 2760
2406 3312
2407 3864
2408 4416
2409 4968
2410 5520
2411 6072
2412 6624
2413 7176
2414 7728
2415 8280
2416 8832
2417 552
2418 1104
2419 1656
2420 2208
2421 2760
2422 3312
2423 3864
2424 4416
2425 4968
2426 5520
2427 6072
2428 6624
2429 7176
2430 7728
2431 8280
2432 8832
2433 552
2434 1104
2435 1656
2436 2208
2437 2760
2438 3312
2439 3864
2440 4416
2441 4968
2442 5520
2443 6072
2444 6624
2445 7176
2446 7728
2447 8280
2448 8832
2449 552
2450 1104
2451 1656
2452 2208
2453 2760
2454 3312
2455 3864
2456 4416
2457 4968
2458 5520
2459 6072
2460 6624
2461 7176
2462 7728
2463 8280
2464 8832
2465 552
2466 1104
2467 1656
2468 2208
2469 2760
2470 3312
2471 3864
2472 4416
2473 4968
2474 5520
2475 6072
2476 6624
2477 7176
2478 7728
2479 8280
2480 8832
2481 552
2482 1104
2483 1656
2484 2208
2485 2760
2486 3312
2487 3864
2488 4416
2489 4968
2490 5520
2491 6072
2492 6624
2493 7176
2494 7728
2495 8280
2496 8832
2497 552
2498 1104
2499 1656
2500 2208
2501 2760
2502 3312
2503 3864
2504 4416
2505 4968
2506 5520
2507 6072
2508 6624
2509 7176
2510 7728
2511 8280
2512 8832
2513 552
2514 1104
2515 1656
2516 2208
2517 2760
2518 3312
2519 3864
2520 4416
2521 4968
2522 5520
2523 6072
2524 6624
2525 7176
2526 7728
2527 8280
2528 8832
2529 552
2530 1104
2531 1656
2532 2208
2533 2760
2534 3312
2535 3864
2536 4416
2537 4968
2538 5520
2539 6072
2540 6624
2541 7176
2542 7728
2543 8280
2544 8832
2545 552
2546 1104
2547 1656
2548 2208
2549 2760
2550 3312
2551 3864
2552 4416
2553 4968
2554 5520
2555 6072
2556 6624
2557 7176
2558 7728
2559 8280
2560 8832
2561 552
2562 1104
2563 1656
2564 2208
2565 2760
2566 3312
2567 3864
2568 4416
2569 4968
2570 5520
2571 6072
2572 6624
2573 7176
2574 7728
2575 8280
2576 8832
2577 552
2578 1104
2579 1656
2580 2208
2581 2760
2582 3312
2583 3864
2584 4416
2585 4968
2586 5520
2587 6072
2588 6624
2589 7176
2590 7728
2591 8280
2592 8832
2593 552
2594 1104
2595 1656
2596 2208
2597 2760
2598 3312
2599 3864
2600 4416
2601 4968
2602 5520
2603 6072
2604 6624
2605 7176
2606 7728
2607 8280
2608 8832
2609 552
2610 1104
2611 1656
2612 2208
2613 2760
2614 3312
2615 3864
2616 4416
2617 4968
2618 5520
2619 6072
2620 6624
2621 7176
2622 7728
2623 8280
2624 8832
2625 552
2626 1104
2627 1656
2628 2208
2629 2760
2630 3312
2631 3864
2632 4416
2633 4968
2634 5520
2635 6072
2636 6624
2637 7176
2638 7728
2639 8280
2640 8832
2641 552
2642 1104
2643 1656
2644 2208
2645 2760
2646 3312
2647 3864
2648 4416
2649 4968
2650 5520
2651 6072
2652 6624
2653 7176
2654 7728
2655 8280
2656 8832
2657 552
2658 1104
2659 1656
2660 2208
2661 2760
2662 3312
2663 3864
2664 4416
2665 4968
2666 5520
2667 6072
2668 6624
2669 7176
2670 7728
2671 8280
2672 8832
2673 552
2674 1104
2675 1656
2676 2208
2677 2760
2678 3312
2679 3864
2680 4416
2681 4968
2682 5520
2683 6072
2684 6624
2685 7176
2686 7728
2687 8280
2688 8832
2689 552
2690 1104
2691 1656
2692 2208
2693 2760
2694 3312
2695 3864
2696 4416
2697 4968
2698 5520
2699 6072
2700 6624
2701 7176
2702 7728
2703 8280
2704 8832
2705 552
2706 1104
2707 1656
2708 2208
2709 2760
2710 3312
2711 3864
2712 4416
2713 4968
2714 5520
2715 6072
2716 6624
2717 7176
2718 7728
2719 8280
2720 8832
2721 552
2722 1104
2723 1656
2724 2208
2725 2760
2726 3312
2727 3864
2728 4416
2729 4968
2730 5520
2731 6072
2732 6624
2733 7176
2734 7728
2735 8280
2736 8832
2737 552
2738 1104
2739 1656
2740 2208
2741 2760
2742 3312
2743 3864
2744 4416
2745 4968
2746 5520
2747 6072
2748 6624
2749 7176
2750 7728
2751 8280
2752 8832
2753 552
2754 1104
2755 1656
2756 2208
2757 2760
2758 3312
2759 3864
2760 4416
2761 4968
2762 5520
2763 6072
2764 6624
2765 7176
2766 7728
2767 8280
2768 8832
2769 552
2770 1104
2771 1656
2772 2208
2773 2760
2774 3312
2775 3864
2776 4416
2777 4968
2778 5520
2779 6072
2780 6624
2781 7176
2782 7728
2783 8280
2784 8832
2785 552
2786 1104
2787 1656
2788 2208
2789 2760
2790 3312
2791 3864
2792 4416
2793 4968
2794 5520
2795 6072
2796 6624
2797 7176
2798 7728
2799 8280
2800 8832
2801 552
2802 1104
2803 1656
2804 2208
2805 2760
2806 3312
2807 3864
2808 4416
2809 4968
2810 5520
2811 6072
2812 6624
2813 7176
2814 7728
2815 8280
2816 8832
2817 552
2818 1104
2819 1656
2820 2208
2821 2760
2822 3312
2823 3864
2824 4416
2825 4968
2826 5520
2827 6072
2828 6624
2829 7176
2830 7728
2831 8280
2832 8832
2833 552
2834 1104
2835 1656
2836 2208
2837 2760
2838 3312
2839 3864
2840 4416
2841 4968
2842 5520
2843 6072
2844 6624
2845 7176
2846 7728
2847 8280
2848 8832
2849 552
2850 1104
2851 1656
2852 2208
2853 2760
2854 3312
2855 3864
2856 4416
2857 4968
2858 5520
2859 6072
2860 6624
2861 7176
2862 7728
2863 8280
2864 8832
2865 552
2866 1104
2867 1656
2868 2208
2869 2760
2870 3312
2871 3864
2872 4416
2873 4968
2874 5520
2875 6072
2876 6624
2877 7176
2878 7728
2879 8280
2880 8832
2881 552
2882 1104
2883 1656
2884 2208
2885 2760
2886 3312
2887 3864
2888 4416
2889 4968
2890 5520
2891 6072
2892 6624
2893 7176
2894 7728
2895 8280
2896 8832
2897 552
2898 1104
2899 1656
2900 2208
2901 2760
2902 3312
2903 3864
2904 4416
2905 4968
2906 5520
2907 6072
2908 6624
2909 7176
2910 7728
2911 8280
2912 8832
2913 552
2914 1104
2915 1656
2916 2208
2917 2760
2918 3312
2919 3864
2920 4416
2921 4968
2922 5520
2923 6072
2924 6624
2925 7176
2926 7728
2927 8280
2928 8832
2929 552
2930 1104
2931 1656
2932 2208
2933 2760
2934 3312
2935 3864
2936 4416
2937 4968
2938 5520
2939 6072
2940 6624
2941 7176
2942 7728
2943 8280
2944 8832
2945 552
2946 1104
2947 1656
2948 2208
2949 2760
2950 3312
2951 3864
2952 4416
2953 4968
2954 5520
2955 6072
2956 6624
2957 7176
2958 7728
2959 8280
2960 8832
2961 552
2962 1104
2963 1656
2964 2208
2965 2760
2966 3312
2967 3864
2968 4416
2969 4968
2970 5520
2971 6072
2972 6624
2973 7176
2974 7728
2975 8280
2976 8832
2977 552
2978 1104
2979 1656
2980 2208
2981 2760
2982 3312
2983 3864
2984 4416
2985 4968
2986 5520
2987 6072
2988 6624
2989 7176
2990 7728
2991 8280
2992 8832
2993 552
2994 1104
2995 1656
2996 2208
2997 2760
2998 3312
2999 3864
3000 4416
3001 4968
3002 5520
3003 6072
3004 6624
3005 7176
3006 7728
3007 8280
3008 8832
3009 552
3010 1104
3011 1656
3012 2208
3013 2760
3014 3312
3015 3864
3016 4416
3017 4968
3018 5520
3019 6072
3020 6624
3021 7176
3022 7728
3023 8280
3024 8832
3025 552
3026 1104
3027 1656
3028 2208
3029 2760
3030 3312
3031 3864
3032 4416
3033 4968
3034 5520
3035 6072
3036 6624
3037 7176
3038 7728
3039 8280
3040 8832
3041 552
3042 1104
3043 1656
3044 2208
3045 2760
3046 3312
3047 3864
3048 4416
3049 4968
3050 5520
3051 6072
3052 6624
3053 7176
3054 7728
3055 8280
3056 8832
3057 552
3058 1104
3059 1656
3060 2208
3061 2760
3062 3312
3063 3864
3064 4416
3065 4968
3066 5520
3067 6072
3068 6624
3069 7176
3070 7728
3071 8280
3072 8832
3073 552
3074 1104
3075 1656
3076 2208
3077 2760
3078 3312
3079 3864
3080 4416
3081 4968
3082 5520
3083 6072
3084 6624
3085 7176
3086 7728
3087 8280
3088 8832
3089 552
3090 1104
3091 1656
3092 2208
3093 2760
3094 3312
3095 3864
3096 4416
3097 4968
3098 5520
3099 6072
3100 6624
3101 7176
3102 7728
3103 8280
3104 8832
3105 552
3106 1104
3107 1656
3108 2208
3109 2760
3110 3312
3111 3864
3112 4416
3113 4968
3114 5520
3115 6072
3116 6624
3117 7176
3118 7728
3119 8280
3120 8832
3121 552
3122 1104
3123 1656
3124 2208
3125 2760
3126 3312
3127 3864
3128 4416
3129 4968
3130 5520
3131 6072
3132 6624
3133 7176
3134 7728
3135 8280
3136 8832
3137 552
3138 1104
3139 1656
3140 2208
3141 2760
3142 3312
3143 3864
3144 4416
3145 4968
3146 5520
3147 6072
3148 6624
3149 7176
3150 7728
3151 8280
3152 8832
3153 552
3154 1104
3155 1656
3156 2208
3157 2760
3158 3312
3159 3864
3160 4416
3161 4968
3162 5520
3163 6072
3164 6624
3165 7176
3166 7728
3167 8280
3168 8832
3169 552
3170 1104
3171 1656
3172 2208
3173 2760
3174 3312
3175 3864
3176 4416
3177 4968
3178 5520
3179 6072
3180 6624
3181 7176
3182 7728
3183 8280
3184 8832
3185 552
3186 1104
3187 1656
3188 2208
3189 2760
3190 3312
3191 3864
3192 4416
3193 4968
3194 5520
3195 6072
3196 6624
3197 7176
3198 7728
3199 8280
3200 8832
3201 552
3202 1104
3203 1656
3204 2208
3205 2760
3206 3312
3207 3864
3208 4416
3209 4968
3210 5520
3211 6072
3212 6624
3213 7176
3214 7728
3215 8280
3216 8832
3217 552
3218 1104
3219 1656
3220 2208
3221 2760
3222 3312
3223 3864
3224 4416
3225 4968
3226 5520
3227 6072
3228 6624
3229 7176
3230 7728
3231 8280
3232 8832
3233 552
3234 1104
3235 1656
3236 2208
3237 2760
3238 3312
3239 3864
3240 4416
3241 4968
3242 5520
3243 6072
3244 6624
3245 7176
3246 7728
3247 8280
3248 8832
3249 552
3250 1104
3251 1656
3252 2208
3253 2760
3254 3312
3255 3864
3256 4416
3257 4968
3258 5520
3259 6072
3260 6624
3261 7176
3262 7728
3263 8280
3264 8832
3265 552
3266 1104
3267 1656
3268 2208
3269 2760
3270 3312
3271 3864
3272 4416
3273 4968
3274 5520
3275 6072
3276 6624
3277 7176
3278 7728
3279 8280
3280 8832
3281 552
3282 1104
3283 1656
3284 2208
3285 2760
3286 3312
3287 3864
3288 4416
3289 4968
3290 5520
3291 6072
3292 6624
3293 7176
3294 7728
3295 8280
3296 8832
3297 552
3298 1104
3299 1656
3300 2208
3301 2760
3302 3312
3303 3864
3304 4416
3305 4968
3306 5520
3307 6072
3308 6624
3309 7176
3310 7728
3311 8280
3312 8832
3313 552
3314 1104
3315 1656
3316 2208
3317 2760
3318 3312
3319 3864
3320 4416
3321 4968
3322 5520
3323 6072
3324 6624
3325 7176
3326 7728
3327 8280
3328 8832
3329 552
3330 1104
3331 1656
3332 2208
3333 2760
3334 3312
3335 3864
3336 4416
3337 4968
3338 5520
3339 6072
3340 6624
3341 7176
3342 7728
3343 8280
3344 8832
3345 552
3346 1104
3347 1656
3348 2208
3349 2760
3350 3312
3351 3864
3352 4416
3353 4968
3354 5520
3355 6072
3356 6624
3357 7176
3358 7728
3359 8280
3360 8832
3361 552
3362 1104
3363 1656
3364 2208
3365 2760
3366 3312
3367 3864
3368 4416
3369 4968
3370 5520
3371 6072
3372 6624
3373 7176
3374 7728
3375 8280
3376 8832
3377 552
3378 1104
3379 1656
3380 2208
3381 2760
3382 3312
3383 3864
3384 4416
3385 4968
3386 5520
3387 6072
3388 6624
3389 7176
3390 7728
3391 8280
3392 8832
3393 552
3394 1104
3395 1656
3396 2208
3397 2760
3398 3312
3399 3864
3400 4416
3401 4968
3402 5520
3403 6072
3404 6624
3405 7176
3406 7728
3407 8280
3408 8832
3409 552
3410 1104
3411 1656
3412 2208
3413 2760
3414 3312
3415 3864
3416 4416
3417 4968
3418 5520
3419 6072
3420 6624
3421 7176
3422 7728
3423 8280
3424 8832
3425 552
3426 1104
3427 1656
3428 2208
3429 2760
3430 3312
3431 3864
3432 4416
3433 4968
3434 5520
3435 6072
3436 6624
3437 7176
3438 7728
3439 8280
3440 8832
3441 552
3442 1104
3443 1656
3444 2208
3445 2760
3446 3312
3447 3864
3448 4416
3449 4968
3450 5520
3451 6072
3452 6624
3453 7176
3454 7728
3455 8280
3456 8832
3457 552
3458 1104
3459 1656
3460 2208
3461 2760
3462 3312
3463 3864
3464 4416
3465 4968
3466 5520
3467 6072
3468 6624
3469 7176
3470 7728
3471 8280
3472 8832
3473 552
3474 1104
3475 1656
3476 2208
3477 2760
3478 3312
3479 3864
3480 4416
3481 4968
3482 5520
3483 6072
3484 6624
3485 7176
3486 7728
3487 8280
3488 8832
3489 552
3490 1104
3491 1656
3492 2208
3493 2760
3494 3312
3495 3864
3496 4416
3497 4968
3498 5520
3499 6072
3500 6624
3501 7176
3502 7728
3503 8280
3504 8832
3505 552
3506 1104
3507 1656
3508 2208
3509 2760
3510 3312
3511 3864
3512 4416
3513 4968
3514 5520
3515 6072
3516 6624
3517 7176
3518 7728
3519 8280
3520 8832
3521 552
3522 1104
3523 1656
3524 2208
3525 2760
3526 3312
3527 3864
3528 4416
3529 4968
3530 5520
3531 6072
3532 6624
3533 7176
3534 7728
3535 8280
3536 8832
3537 552
3538 1104
3539 1656
3540 2208
3541 2760
3542 3312
3543 3864
3544 4416
3545 4968
3546 5520
3547 6072
3548 6624
3549 7176
3550 7728
3551 8280
3552 8832
3553 552
3554 1104
3555 1656
3556 2208
3557 2760
3558 3312
3559 3864
3560 4416
3561 4968
3562 5520
3563 6072
3564 6624
3565 7176
3566 7728
3567 8280
3568 8832
3569 552
3570 1104
3571 1656
3572 2208
3573 2760
3574 3312
3575 3864
3576 4416
3577 4968
3578 5520
3579 6072
3580 6624
3581 7176
3582 7728
3583 8280
3584 8832
3585 552
3586 1104
3587 1656
3588 2208
3589 2760
3590 3312
3591 3864
3592 4416
3593 4968
3594 5520
3595 6072
3596 6624
3597 7176
3598 7728
3599 8280
3600 8832
3601 552
3602 1104
3603 1656
3604 2208
3605 2760
3606 3312
3607 3864
3608 4416
3609 4968
3610 5520
3611 6072
3612 6624
3613 7176
3614 7728
3615 8280
3616 8832
3617 552
3618 1104
3619 1656
3620 2208
3621 2760
3622 3312
3623 3864
3624 4416
3625 4968
3626 5520
3627 6072
3628 6624
3629 7176
3630 7728
3631 8280
3632 8832
3633 552
3634 1104
3635 1656
3636 2208
3637 2760
3638 3312
3639 3864
3640 4416
3641 4968
3642 5520
3643 6072
3644 6624
3645 7176
3646 7728
3647 8280
3648 8832
3649 552
3650 1104
3651 1656
3652 2208
3653 2760
3654 3312
3655 3864
3656 4416
3657 4968
3658 5520
3659 6072
3660 6624
3661 7176
3662 7728
3663 8280
3664 8832
3665 552
3666 1104
3667 1656
3668 2208
3669 2760
3670 3312
3671 3864
3672 4416
3673 4968
3674 5520
3675 6072
3676 6624
3677 7176
3678 7728
3679 8280
3680 8832
3681 552
3682 1104
3683 1656
3684 2208
3685 2760
3686 3312
3687 3864
3688 4416
3689 4968
3690 5520
3691 6072
3692 6624
3693 7176
3694 7728
3695 8280
3696 8832
3697 552
3698 1104
3699 1656
3700 2208
3701 2760
3702 3312
3703 3864
3704 4416
3705 4968
3706 5520
3707 6072
3708 6624
3709 7176
3710 7728
3711 8280
3712 8832
3713 552
3714 1104
3715 1656
3716 2208
3717 2760
3718 3312
3719 3864
3720 4416
3721 4968
3722 5520
3723 6072
3724 6624
3725 7176
3726 7728
3727 8280
3728 8832
3729 552
3730 1104
3731 1656
3732 2208
3733 2760
3734 3312
3735 3864
3736 4416
3737 4968
3738 5520
3739 6072
3740 6624
3741 7176
3742 7728
3743 8280
3744 8832
3745 552
3746 1104
3747 1656
3748 2208
3749 2760
3750 3312
3751 3864
3752 4416
3753 4968
3754 5520
3755 6072
3756 6624
3757 7176
3758 7728
3759 8280
3760 8832
3761 552
3762 1104
3763 1656
3764 2208
3765 2760
3766 3312
3767 3864
3768 4416
3769 4968
3770 5520
3771 6072
3772 6624
3773 7176
3774 7728
3775 8280
3776 8832
3777 552
3778 1104
3779 1656
3780 2208
3781 2760
3782 3312
3783 3864
3784 4416
3785 4968
3786 5520
3787 6072
3788 6624
3789 7176
3790 7728
3791 8280
3792 8832
3793 552
3794 1104
3795 1656
3796 2208
3797 2760
3798 3312
3799 3864
3800 4416
3801 4968
3802 5520
3803 6072
3804 6624
3805 7176
3806 7728
3807 8280
3808 8832
3809 552
3810 1104
3811 1656
3812 2208
3813 2760
3814 3312
3815 3864
3816 4416
3817 4968
3818 5520
3819 6072
3820 6624
3821 7176
3822 7728
3823 8280
3824 8832
3825 552
3826 1104
3827 1656
3828 2208
3829 2760
3830 3312
3831 3864
3832 4416
3833 4968
3834 5520
3835 6072
3836 6624
3837 7176
3838 7728
3839 8280
3840 8832
3841 552
3842 1104
3843 1656
3844 2208
3845 2760
3846 3312
3847 3864
3848 4416
3849 4968
3850 5520
3851 6072
3852 6624
3853 7176
3854 7728
3855 8280
3856 8832
3857 552
3858 1104
3859 1656
3860 2208
3861 2760
3862 3312
3863 3864
3864 4416
3865 4968
3866 5520
3867 6072
3868 6624
3869 7176
3870 7728
3871 8280
3872 8832
3873 552
3874 1104
3875 1656
3876 2208
3877 2760
3878 3312
3879 3864
3880 4416
3881 4968
3882 5520
3883 6072
3884 6624
3885 7176
3886 7728
3887 8280
3888 8832
3889 552
3890 1104
3891 1656
3892 2208
3893 2760
3894 3312
3895 3864
3896 4416
3897 4968
3898 5520
3899 6072
3900 6624
3901 7176
3902 7728
3903 8280
3904 8832
3905 552
3906 1104
3907 1656
3908 2208
3909 2760
3910 3312
3911 3864
3912 4416
3913 4968
3914 5520
3915 6072
3916 6624
3917 7176
3918 7728
3919 8280
3920 8832
3921 552
3922 1104
3923 1656
3924 2208
3925 2760
3926 3312
3927 3864
3928 4416
3929 4968
3930 5520
3931 6072
3932 6624
3933 7176
3934 7728
3935 8280
3936 8832
3937 552
3938 1104
3939 1656
3940 2208
3941 2760
3942 3312
3943 3864
3944 4416
3945 4968
3946 5520
3947 6072
3948 6624
3949 7176
3950 7728
3951 8280
3952 8832
3953 552
3954 1104
3955 1656
3956 2208
3957 2760
3958 3312
3959 3864
3960 4416
3961 4968
3962 5520
3963 6072
3964 6624
3965 7176
3966 7728
3967 8280
3968 8832
3969 552
3970 1104
3971 1656
3972 2208
3973 2760
3974 3312
3975 3864
3976 4416
3977 4968
3978 5520
3979 6072
3980 6624
3981 7176
3982 7728
3983 8280
3984 8832
3985 552
3986 1104
3987 1656
3988 2208
3989 2760
3990 3312
3991 3864
3992 4416
3993 4968
3994 5520
3995 6072
3996 6624
3997 7176
3998 7728
3999 8280
4000 8832
4001 552
4002 1104
4003 1656
4004 2208
4005 2760
4006 3312
4007 3864
4008 4416
4009 4968
4010 5520
4011 6072
4012 6624
4013 7176
4014 7728
4015 8280
4016 8832
4017 552
4018 1104
4019 1656
4020 2208
4021 2760
4022 3312
4023 3864
4024 4416
4025 4968
4026 5520
4027 6072
4028 6624
4029 7176
4030 7728
4031 8280
4032 8832
4033 552
4034 1104
4035 1656
4036 2208
4037 2760
4038 3312
4039 3864
4040 4416
4041 4968
4042 5520
4043 6072
4044 6624
4045 7176
4046 7728
4047 8280
4048 8832
4049 552
4050 1104
4051 1656
4052 2208
4053 2760
4054 3312
4055 3864
4056 4416
4057 4968
4058 5520
4059 6072
4060 6624
4061 7176
4062 7728
4063 8280
4064 8832
4065 552
4066 1104
4067 1656
4068 2208
4069 2760
4070 3312
4071 3864
4072 4416
4073 4968
4074 5520
4075 6072
4076 6624
4077 7176
4078 7728
4079 8280
4080 8832
4081 552
4082 1104
4083 1656
4084 2208
4085 2760
4086 3312
4087 3864
4088 4416
4089 4968
4090 5520
4091 6072
4092 6624
4093 7176
4094 7728
4095 8280
4096 8832
4097 552
4098 1104
4099 1656
4100 2208
4101 2760
4102 3312
4103 3864
4104 4416
4105 4968
4106 5520
4107 6072
4108 6624
4109 7176
4110 7728
4111 8280
4112 8832
4113 552
4114 1104
4115 1656
4116 2208
4117 2760
4118 3312
4119 3864
4120 4416
4121 4968
4122 5520
4123 6072
4124 6624
4125 7176
4126 7728
4127 8280
4128 8832
4129 552
4130 1104
4131 1656
4132 2208
4133 2760
4134 3312
4135 3864
4136 4416
4137 4968
4138 5520
4139 6072
4140 6624
4141 7176
4142 7728
4143 8280
4144 8832
4145 552
4146 1104
4147 1656
4148 2208
4149 2760
4150 3312
4151 3864
4152 4416
4153 4968
4154 5520
4155 6072
4156 6624
4157 7176
4158 7728
4159 8280
4160 8832
4161 552
4162 1104
4163 1656
4164 2208
4165 2760
4166 3312
4167 3864
4168 4416
4169 4968
4170 5520
4171 6072
4172 6624
4173 7176
4174 7728
4175 8280
4176 8832
4177 552
4178 1104
4179 1656
4180 2208
4181 2760
4182 3312
4183 3864
4184 4416
4185 4968
4186 5520
4187 6072
4188 6624
4189 7176
4190 7728
4191 8280
4192 8832
4193 552
4194 1104
4195 1656
4196 2208
4197 2760
4198 3312
4199 3864
4200 4416
4201 4968
4202 5520
4203 6072
4204 6624
4205 7176
4206 7728
4207 8280
4208 8832
4209 552
4210 1104
4211 1656
4212 2208
4213 2760
4214 3312
4215 3864
4216 4416
4217 4968
4218 5520
4219 6072
4220 6624
4221 7176
4222 7728
4223 8280
4224 8832
4225 552
4226 1104
4227 1656
4228 2208
4229 2760
4230 3312
4231 3864
4232 4416
4233 4968
4234 5520
4235 6072
4236 6624
4237 7176
4238 7728
4239 8280
4240 8832
4241 552
4242 1104
4243 1656
4244 2208
4245 2760
4246 3312
4247 3864
4248 4416
4249 4968
4250 5520
4251 6072
4252 6624
4253 7176
4254 7728
4255 8280
4256 8832
4257 552
4258 1104
4259 1656
4260 2208
4261 2760
4262 3312
4263 3864
4264 4416
4265 4968
4266 5520
4267 6072
4268 6624
4269 7176
4270 7728
4271 8280
4272 8832
4273 552
4274 1104
4275 1656
4276 2208
4277 2760
4278 3312
4279 3864
4280 4416
4281 4968
4282 5520
4283 6072
4284 6624
4285 7176
4286 7728
4287 8280
4288 8832
4289 552
4290 1104
4291 1656
4292 2208
4293 2760
4294 3312
4295 3864
4296 4416
4297 4968
4298 5520
4299 6072
4300 6624
4301 7176
4302 7728
4303 8280
4304 8832
4305 552
4306 1104
4307 1656
4308 2208
4309 2760
4310 3312
4311 3864
4312 4416
4313 4968
4314 5520
4315 6072
4316 6624
4317 7176
4318 7728
4319 8280
4320 8832
4321 552
4322 1104
4323 1656
4324 2208
4325 2760
4326 3312
4327 3864
4328 4416
4329 4968
4330 5520
4331 6072
4332 6624
4333 7176
4334 7728
4335 8280
4336 8832
4337 552
4338 1104
4339 1656
4340 2208
4341 2760
4342 3312
4343 3864
4344 4416
4345 4968
4346 5520
4347 6072
4348 6624
4349 7176
4350 7728
4351 8280
4352 8832
4353 552
4354 1104
4355 1656
4356 2208
4357 2760
4358 3312
4359 3864
4360 4416
4361 4968
4362 5520
4363 6072
4364 6624
4365 7176
4366 7728
4367 8280
4368 8832
4369 552
4370 1104
4371 1656
4372 2208
4373 2760
4374 3312
4375 3864
4376 4416
4377 4968
4378 5520
4379 6072
4380 6624
4381 7176
4382 7728
4383 8280
4384 8832
4385 552
4386 1104
4387 1656
4388 2208
4389 2760
4390 3312
4391 3864
4392 4416
4393 4968
4394 5520
4395 6072
4396 6624
4397 7176
4398 7728
4399 8280
4400 8832
4401 552
4402 1104
4403 1656
4404 2208
4405 2760
4406 3312
4407 3864
4408 4416
4409 4968
4410 5520
4411 6072
4412 6624
4413 7176
4414 7728
4415 8280
4416 8832
4417 552
4418 1104
4419 1656
4420 2208
4421 2760
4422 3312
4423 3864
4424 4416
4425 4968
4426 5520
4427 6072
4428 6624
4429 7176
4430 7728
4431 8280
4432 8832
4433 552
4434 1104
4435 1656
4436 2208
4437 2760
4438 3312
4439 3864
4440 4416
4441 4968
4442 5520
4443 6072
4444 6624
4445 7176
4446 7728
4447 8280
4448 8832
4449 552
4450 1104
4451 1656
4452 2208
4453 2760
4454 3312
4455 3864
4456 4416
4457 4968
4458 5520
4459 6072
4460 6624
4461 7176
4462 7728
4463 8280
4464 8832
4465 552
4466 1104
4467 1656
4468 2208
4469 2760
4470 3312
4471 3864
4472 4416
4473 4968
4474 5520
4475 6072
4476 6624
4477 7176
4478 7728
4479 8280
4480 8832
4481 552
4482 1104
4483 1656
4484 2208
4485 2760
4486 3312
4487 3864
4488 4416
4489 4968
4490 5520
4491 6072
4492 6624
4493 7176
4494 7728
4495 8280
4496 8832
4497 552
4498 1104
4499 1656
4500 2208
4501 2760
4502 3312
4503 3864
4504 4416
4505 4968
4506 5520
4507 6072
4508 6624
4509 7176
4510 7728
4511 8280
4512 8832
4513 552
4514 1104
4515 1656
4516 2208
4517 2760
4518 3312
4519 3864
4520 4416
4521 4968
4522 5520
4523 6072
4524 6624
4525 7176
4526 7728
4527 8280
4528 8832
4529 552
4530 1104
4531 1656
4532 2208
4533 2760
4534 3312
4535 3864
4536 4416
4537 4968
4538 5520
4539 6072
4540 6624
4541 7176
4542 7728
4543 8280
4544 8832
4545 552
4546 1104
4547 1656
4548 2208
4549 2760
4550 3312
4551 3864
4552 4416
4553 4968
4554 5520
4555 6072
4556 6624
4557 7176
4558 7728
4559 8280
4560 8832
4561 552
4562 1104
4563 1656
4564 2208
4565 2760
4566 3312
4567 3864
4568 4416
4569 4968
4570 5520
4571 6072
4572 6624
4573 7176
4574 7728
4575 8280
4576 8832
4577 552
4578 1104
4579 1656
4580 2208
4581 2760
4582 3312
4583 3864
4584 4416
4585 4968
4586 5520
4587 6072
4588 6624
4589 7176
4590 7728
4591 8280
4592 8832
4593 552
4594 1104
4595 1656
4596 2208
4597 2760
4598 3312
4599 3864
4600 4416
4601 4968
4602 5520
4603 6072
4604 6624
4605 7176
4606 7728
4607 8280
4608 8832
4609 552
4610 1104
4611 1656
4612 2208
4613 2760
4614 3312
4615 3864
4616 4416
4617 4968
4618 5520
4619 6072
4620 6624
4621 7176
4622 7728
4623 8280
4624 8832
4625 552
4626 1104
4627 1656
4628 2208
4629 2760
4630 3312
4631 3864
4632 4416
4633 4968
4634 5520
4635 6072
4636 6624
4637 7176
4638 7728
4639 8280
4640 8832
4641 552
4642 1104
4643 1656
4644 2208
4645 2760
4646 3312
4647 3864
4648 4416
4649 4968
4650 5520
4651 6072
4652 6624
4653 7176
4654 7728
4655 8280
4656 8832
4657 552
4658 1104
4659 1656
4660 2208
4661 2760
4662 3312
4663 3864
4664 4416
4665 4968
4666 5520
4667 6072
4668 6624
4669 7176
4670 7728
4671 8280
4672 8832
4673 552
4674 1104
4675 1656
4676 2208
4677 2760
4678 3312
4679 3864
4680 4416
4681 4968
4682 5520
4683 6072
4684 6624
4685 7176
4686 7728
4687 8280
4688 8832
4689 552
4690 1104
4691 1656
4692 2208
4693 2760
4694 3312
4695 3864
4696 4416
4697 4968
4698 5520
4699 6072
4700 6624
4701 7176
4702 7728
4703 8280
4704 8832
4705 552
4706 1104
4707 1656
4708 2208
4709 2760
4710 3312
4711 3864
4712 4416
4713 4968
4714 5520
4715 6072
4716 6624
4717 7176
4718 7728
4719 8280
4720 8832
4721 552
4722 1104
4723 1656
4724 2208
4725 2760
4726 3312
4727 3864
4728 4416
4729 4968
4730 5520
4731 6072
4732 6624
4733 7176
4734 7728
4735 8280
4736 8832
4737 552
4738 1104
4739 1656
4740 2208
4741 2760
4742 3312
4743 3864
4744 4416
4745 4968
4746 5520
4747 6072
4748 6624
4749 7176
4750 7728
4751 8280
4752 8832
4753 552
4754 1104
4755 1656
4756 2208
4757 2760
4758 3312
4759 3864
4760 4416
4761 4968
4762 5520
4763 6072
4764 6624
4765 7176
4766 7728
4767 8280
4768 8832
4769 552
4770 1104
4771 1656
4772 2208
4773 2760
4774 3312
4775 3864
4776 4416
4777 4968
4778 5520
4779 6072
4780 6624
4781 7176
4782 7728
4783 8280
4784 8832
4785 552
4786 1104
4787 1656
4788 2208
4789 2760
4790 3312
4791 3864
4792 4416
4793 4968
4794 5520
4795 6072
4796 6624
4797 7176
4798 7728
4799 8280
4800 8832
4801 552
4802 1104
4803 1656
4804 2208
4805 2760
4806 3312
4807 3864
4808 4416
4809 4968
4810 5520
4811 6072
4812 6624
4813 7176
4814 7728
4815 8280
4816 8832
4817 552
4818 1104
4819 1656
4820 2208
4821 2760
4822 3312
4823 3864
4824 4416
4825 4968
4826 5520
4827 6072
4828 6624
4829 7176
4830 7728
4831 8280
4832 8832
4833 552
4834 1104
4835 1656
4836 2208
4837 2760
4838 3312
4839 3864
4840 4416
4841 4968
4842 5520
4843 6072
4844 6624
4845 7176
4846 7728
4847 8280
4848 8832
4849 552
4850 1104
4851 1656
4852 2208
4853 2760
4854 3312
4855 3864
4856 4416
4857 4968
4858 5520
4859 6072
4860 6624
4861 7176
4862 7728
4863 8280
4864 8832
4865 552
4866 1104
4867 1656
4868 2208
4869 2760
4870 3312
4871 3864
4872 4416
4873 4968
4874 5520
4875 6072
4876 6624
4877 7176
4878 7728
4879 8280
4880 8832
4881 552
4882 1104
4883 1656
4884 2208
4885 2760
4886 3312
4887 3864
4888 4416
4889 4968
4890 5520
4891 6072
4892 6624
4893 7176
4894 7728
4895 8280
4896 8832
4897 552
4898 1104
4899 1656
4900 2208
4901 2760
4902 3312
4903 3864
4904 4416
4905 4968
4906 5520
4907 6072
4908 6624
4909 7176
4910 7728
4911 8280
4912 8832
4913 552
4914 1104
4915 1656
4916 2208
4917 2760
4918 3312
4919 3864
4920 4416
4921 4968
4922 5520
4923 6072
4924 6624
4925 7176
4926 7728
4927 8280
4928 8832
4929 552
4930 1104
4931 1656
4932 2208
4933 2760
4934 3312
4935 3864
4936 4416
4937 4968
4938 5520
4939 6072
4940 6624
4941 7176
4942 7728
4943 8280
4944 8832
4945 552
4946 1104
4947 1656
4948 2208
4949 2760
4950 3312
4951 3864
4952 4416
4953 4968
4954 5520
4955 6072
4956 6624
4957 7176
4958 7728
4959 8280
4960 8832
4961 552
4962 1104
4963 1656
4964 2208
4965 2760
4966 3312
4967 3864
4968 4416
4969 4968
4970 5520
4971 6072
4972 6624
4973 7176
4974 7728
4975 8280
4976 8832
4977 552
4978 1104
4979 1656
4980 2208
4981 2760
4982 3312
4983 3864
4984 4416
4985 4968
4986 5520
4987 6072
4988 6624
4989 7176
4990 7728
4991 8280
4992 8832
4993 552
4994 1104
4995 1656
4996 2208
4997 2760
4998 3312
4999 3864
5000 4416
5001 4968
5002 5520
5003 6072
5004 6624
5005 7176
5006 7728
5007 8280
5008 8832
5009 552
5010 1104
5011 1656
5012 2208
5013 2760
5014 3312
5015 3864
5016 4416
5017 4968
5018 5520
5019 6072
5020 6624
5021 7176
5022 7728
5023 8280
5024 8832
5025 552
5026 1104
5027 1656
5028 2208
5029 2760
5030 3312
5031 3864
5032 4416
5033 4968
5034 5520
5035 6072
5036 6624
5037 7176
5038 7728
5039 8280
5040 8832
5041 552
5042 1104
5043 1656
5044 2208
5045 2760
5046 3312
5047 3864
5048 4416
5049 4968
5050 5520
5051 6072
5052 6624
5053 7176
5054 7728
5055 8280
5056 8832
5057 552
5058 1104
5059 1656
5060 2208
5061 2760
5062 3312
5063 3864
5064 4416
5065 4968
5066 5520
5067 6072
5068 6624
5069 7176
5070 7728
5071 8280
5072 8832
5073 552
5074 1104
5075 1656
5076 2208
5077 2760
5078 3312
5079 3864
5080 4416
5081 4968
5082 5520
5083 6072
5084 6624
5085 7176
5086 7728
5087 8280
5088 8832
5089 552
5090 1104
5091 1656
5092 2208
5093 2760
5094 3312
5095 3864
5096 4416
5097 4968
5098 5520
5099 6072
5100 6624
5101 7176
5102 7728
5103 8280
5104 8832
5105 552
5106 1104
5107 1656
5108 2208
5109 2760
5110 3312
5111 3864
5112 4416
5113 4968
5114 5520
5115 6072
5116 6624
5117 7176
5118 7728
5119 8280
5120 8832
5121 552
5122 1104
5123 1656
5124 2208
5125 2760
5126 3312
5127 3864
5128 4416
5129 4968
5130 5520
5131 6072
5132 6624
5133 7176
5134 7728
5135 8280
5136 8832
5137 552
5138 1104
5139 1656
5140 2208
5141 2760
5142 3312
5143 3864
5144 4416
5145 4968
5146 5520
5147 6072
5148 6624
5149 7176
5150 7728
5151 8280
5152 8832
5153 552
5154 1104
5155 1656
5156 2208
5157 2760
5158 3312
5159 3864
5160 4416
5161 4968
5162 5520
5163 6072
5164 6624
5165 7176
5166 7728
5167 8280
5168 8832
5169 552
5170 1104
5171 1656
5172 2208
5173 2760
5174 3312
5175 3864
5176 4416
5177 4968
5178 5520
5179 6072
5180 6624
5181 7176
5182 7728
5183 8280
5184 8832
5185 552
5186 1104
5187 1656
5188 2208
5189 2760
5190 3312
5191 3864
5192 4416
5193 4968
5194 5520
5195 6072
5196 6624
5197 7176
5198 7728
5199 8280
5200 8832
5201 552
5202 1104
5203 1656
5204 2208
5205 2760
5206 3312
5207 3864
5208 4416
5209 4968
5210 5520
5211 6072
5212 6624
5213 7176
5214 7728
5215 8280
5216 8832
5217 552
5218 1104
5219 1656
5220 2208
5221 2760
5222 3312
5223 3864
5224 4416
5225 4968
5226 5520
5227 6072
5228 6624
5229 7176
5230 7728
5231 8280
5232 8832
5233 552
5234 1104
5235 1656
5236 2208
5237 2760
5238 3312
5239 3864
5240 4416
5241 4968
5242 5520
5243 6072
5244 6624
5245 7176
5246 7728
5247 8280
5248 8832
5249 552
5250 1104
5251 1656
5252 2208
5253 2760
5254 3312
5255 3864
5256 4416
5257 4968
5258 5520
5259 6072
5260 6624
5261 7176
5262 7728
5263 8280
5264 8832
5265 552
5266 1104
5267 1656
5268 2208
5269 2760
5270 3312
5271 3864
5272 4416
5273 4968
5274 5520
5275 6072
5276 6624
5277 7176
5278 7728
5279 8280
5280 8832
5281 552
5282 1104
5283 1656
5284 2208
5285 2760
5286 3312
5287 3864
5288 4416
5289 4968
5290 5520
5291 6072
5292 6624
5293 7176
5294 7728
5295 8280
5296 8832
5297 552
5298 1104
5299 1656
5300 2208
5301 2760
5302 3312
5303 3864
5304 4416
5305 4968
5306 5520
5307 6072
5308 6624
5309 7176
5310 7728
5311 8280
5312 8832
5313 552
5314 1104
5315 1656
5316 2208
5317 2760
5318 3312
5319 3864
5320 4416
5321 4968
5322 5520
5323 6072
5324 6624
5325 7176
5326 7728
5327 8280
5328 8832
5329 552
5330 1104
5331 1656
5332 2208
5333 2760
5334 3312
5335 3864
5336 4416
5337 4968
5338 5520
5339 6072
5340 6624
5341 7176
5342 7728
5343 8280
5344 8832
5345 552
5346 1104
5347 1656
5348 2208
5349 2760
5350 3312
5351 3864
5352 4416
5353 4968
5354 5520
5355 6072
5356 6624
5357 7176
5358 7728
5359 8280
5360 8832
5361 552
5362 1104
5363 1656
5364 2208
5365 2760
5366 3312
5367 3864
5368 4416
5369 4968
5370 5520
5371 6072
5372 6624
5373 7176
5374 7728
5375 8280
5376 8832
5377 552
5378 1104
5379 1656
5380 2208
5381 2760
5382 3312
5383 3864
5384 4416
5385 4968
5386 5520
5387 6072
5388 6624
5389 7176
5390 7728
5391 8280
5392 8832
5393 552
5394 1104
5395 1656
5396 2208
5397 2760
5398 3312
5399 3864
5400 4416
5401 4968
5402 5520
5403 6072
5404 6624
5405 7176
5406 7728
5407 8280
5408 8832
5409 552
5410 1104
5411 1656
5412 2208
5413 2760
5414 3312
5415 3864
5416 4416
5417 4968
5418 5520
5419 6072
5420 6624
5421 7176
5422 7728
5423 8280
5424 8832
5425 552
5426 1104
5427 1656
5428 2208
5429 2760
5430 3312
5431 3864
5432 4416
5433 4968
5434 5520
5435 6072
5436 6624
5437 7176
5438 7728
5439 8280
5440 8832
5441 552
5442 1104
5443 1656
5444 2208
5445 2760
5446 3312
5447 3864
5448 4416
5449 4968
5450 5520
5451 6072
5452 6624
5453 7176
5454 7728
5455 8280
5456 8832
5457 552
5458 1104
5459 1656
5460 2208
5461 2760
5462 3312
5463 3864
5464 4416
5465 4968
5466 5520
5467 6072
5468 6624
5469 7176
5470 7728
5471 8280
5472 8832
5473 552
5474 1104
5475 1656
5476 2208
5477 2760
5478 3312
5479 3864
5480 4416
5481 4968
5482 5520
5483 6072
5484 6624
5485 7176
5486 7728
5487 8280
5488 8832
5489 552
5490 1104
5491 1656
5492 2208
5493 2760
5494 3312
5495 3864
5496 4416
5497 4968
5498 5520
5499 6072
5500 6624
5501 7176
5502 7728
5503 8280
5504 8832
5505 552
5506 1104
5507 1656
5508 2208
5509 2760
5510 3312
5511 3864
5512 4416
5513 4968
5514 5520
5515 6072
5516 6624
5517 7176
5518 7728
5519 8280
5520 8832
5521 552
5522 1104
5523 1656
5524 2208
5525 2760
5526 3312
5527 3864
5528 4416
5529 4968
5530 5520
5531 6072
5532 6624
5533 7176
5534 7728
5535 8280
5536 8832
5537 552
5538 1104
5539 1656
5540 2208
5541 2760
5542 3312
5543 3864
5544 4416
5545 4968
5546 5520
5547 6072
5548 6624
5549 7176
5550 7728
5551 8280
5552 8832
5553 552
5554 1104
5555 1656
5556 2208
5557 2760
5558 3312
5559 3864
5560 4416
5561 4968
5562 5520
5563 6072
5564 6624
5565 7176
5566 7728
5567 8280
5568 8832
5569 552
5570 1104
5571 1656
5572 2208
5573 2760
5574 3312
5575 3864
5576 4416
5577 4968
5578 5520
5579 6072
5580 6624
5581 7176
5582 7728
5583 8280
5584 8832
5585 552
5586 1104
5587 1656
5588 2208
5589 2760
5590 3312
5591 3864
5592 4416
5593 4968
5594 5520
5595 6072
5596 6624
5597 7176
5598 7728
5599 8280
5600 8832
5601 552
5602 1104
5603 1656
5604 2208
5605 2760
5606 3312
5607 3864
5608 4416
5609 4968
5610 5520
5611 6072
5612 6624
5613 7176
5614 7728
5615 8280
5616 8832
5617 552
5618 1104
5619 1656
5620 2208
5621 2760
5622 3312
5623 3864
5624 4416
5625 4968
5626 5520
5627 6072
5628 6624
5629 7176
5630 7728
5631 8280
5632 8832
5633 552
5634 1104
5635 1656
5636 2208
5637 2760
5638 3312
5639 3864
5640 4416
5641 4968
5642 5520
5643 6072
5644 6624
5645 7176
5646 7728
5647 8280
5648 8832
5649 552
5650 1104
5651 1656
5652 2208
5653 2760
5654 3312
5655 3864
5656 4416
5657 4968
5658 5520
5659 6072
5660 6624
5661 7176
5662 7728
5663 8280
5664 8832
5665 552
5666 1104
5667 1656
5668 2208
5669 2760
5670 3312
5671 3864
5672 4416
5673 4968
5674 5520
5675 6072
5676 6624
5677 7176
5678 7728
5679 8280
5680 8832
5681 552
5682 1104
5683 1656
5684 2208
5685 2760
5686 3312
5687 3864
5688 4416
5689 4968
5690 5520
5691 6072
5692 6624
5693 7176
5694 7728
5695 8280
5696 8832
5697 552
5698 1104
5699 1656
5700 2208
5701 2760
5702 3312
5703 3864
5704 4416
5705 4968
5706 5520
5707 6072
5708 6624
5709 7176
5710 7728
5711 8280
5712 8832
5713 552
5714 1104
5715 1656
5716 2208
5717 2760
5718 3312
5719 3864
5720 4416
5721 4968
5722 5520
5723 6072
5724 6624
5725 7176
5726 7728
5727 8280
5728 8832
5729 552
5730 1104
5731 1656
5732 2208
5733 2760
5734 3312
5735 3864
5736 4416
5737 4968
5738 5520
5739 6072
5740 6624
5741 7176
5742 7728
5743 8280
5744 8832
5745 552
5746 1104
5747 1656
5748 2208
5749 2760
5750 3312
5751 3864
5752 4416
5753 4968
5754 5520
5755 6072
5756 6624
5757 7176
5758 7728
5759 8280
5760 8832
5761 552
5762 1104
5763 1656
5764 2208
5765 2760
5766 3312
5767 3864
5768 4416
5769 4968
5770 5520
5771 6072
5772 6624
5773 7176
5774 7728
5775 8280
5776 8832
5777 552
5778 1104
5779 1656
5780 2208
5781 2760
5782 3312
5783 3864
5784 4416
5785 4968
5786 5520
5787 6072
5788 6624
5789 7176
5790 7728
5791 8280
5792 8832
5793 552
5794 1104
5795 1656
5796 2208
5797 2760
5798 3312
5799 3864
5800 4416
5801 4968
5802 5520
5803 6072
5804 6624
5805 7176
5806 7728
5807 8280
5808 8832
5809 552
5810 1104
5811 1656
5812 2208
5813 2760
5814 3312
5815 3864
5816 4416
5817 4968
5818 5520
5819 6072
5820 6624
5821 7176
5822 7728
5823 8280
5824 8832
5825 552
5826 1104
5827 1656
5828 2208
5829 2760
5830 3312
5831 3864
5832 4416
5833 4968
5834 5520
5835 6072
5836 6624
5837 7176
5838 7728
5839 8280
5840 8832
5841 552
5842 1104
5843 1656
5844 2208
5845 2760
5846 3312
5847 3864
5848 4416
5849 4968
5850 5520
5851 6072
5852 6624
5853 7176
5854 7728
5855 8280
5856 8832
5857 552
5858 1104
5859 1656
5860 2208
5861 2760
5862 3312
5863 3864
5864 4416
5865 4968
5866 5520
5867 6072
5868 6624
5869 7176
5870 7728
5871 8280
5872 8832
5873 552
5874 1104
5875 1656
5876 2208
5877 2760
5878 3312
5879 3864
5880 4416
5881 4968
5882 5520
5883 6072
5884 6624
5885 7176
5886 7728
5887 8280
5888 8832
5889 552
5890 1104
5891 1656
5892 2208
5893 2760
5894 3312
5895 3864
5896 4416
5897 4968
5898 5520
5899 6072
5900 6624
5901 7176
5902 7728
5903 8280
5904 8832
5905 552
5906 1104
5907 1656
5908 2208
5909 2760
5910 3312
5911 3864
5912 4416
5913 4968
5914 5520
5915 6072
5916 6624
5917 7176
5918 7728
5919 8280
5920 8832
5921 552
5922 1104
5923 1656
5924 2208
5925 2760
5926 3312
5927 3864
5928 4416
5929 4968
5930 5520
5931 6072
5932 6624
5933 7176
5934 7728
5935 8280
5936 8832
5937 552
5938 1104
5939 1656
5940 2208
5941 2760
5942 3312
5943 3864
5944 4416
5945 4968
5946 5520
5947 6072
5948 6624
5949 7176
5950 7728
5951 8280
5952 8832
5953 552
5954 1104
5955 1656
5956 2208
5957 2760
5958 3312
5959 3864
5960 4416
5961 4968
5962 5520
5963 6072
5964 6624
5965 7176
5966 7728
5967 8280
5968 8832
5969 552
5970 1104
5971 1656
5972 2208
5973 2760
5974 3312
5975 3864
5976 4416
5977 4968
5978 5520
5979 6072
5980 6624
5981 7176
5982 7728
5983 8280
5984 8832
5985 552
5986 1104
5987 1656
5988 2208
5989 2760
5990 3312
5991 3864
5992 4416
5993 4968
5994 5520
5995 6072
5996 6624
5997 7176
5998 7728
5999 8280
6000 8832
6001 552
6002 1104
6003 1656
6004 2208
6005 2760
6006 3312
6007 3864
6008 4416
6009 4968
6010 5520
6011 6072
6012 6624
6013 7176
6014 7728
6015 8280
6016 8832
6017 552
6018 1104
6019 1656
6020 2208
6021 2760
6022 3312
6023 3864
6024 4416
6025 4968
6026 5520
6027 6072
6028 6624
6029 7176
6030 7728
6031 8280
6032 8832
6033 552
6034 1104
6035 1656
6036 2208
6037 2760
6038 3312
6039 3864
6040 4416
6041 4968
6042 5520
6043 6072
6044 6624
6045 7176
6046 7728
6047 8280
6048 8832
6049 552
6050 1104
6051 1656
6052 2208
6053 2760
6054 3312
6055 3864
6056 4416
6057 4968
6058 5520
6059 6072
6060 6624
6061 7176
6062 7728
6063 8280
6064 8832
6065 552
6066 1104
6067 1656
6068 2208
6069 2760
6070 3312
6071 3864
6072 4416
6073 4968
6074 5520
6075 6072
6076 6624
6077 7176
6078 7728
6079 8280
6080 8832
6081 552
6082 1104
6083 1656
6084 2208
6085 2760
6086 3312
6087 3864
6088 4416
6089 4968
6090 5520
6091 6072
6092 6624
6093 7176
6094 7728
6095 8280
6096 8832
6097 552
6098 1104
6099 1656
6100 2208
6101 2760
6102 3312
6103 3864
6104 4416
6105 4968
6106 5520
6107 6072
6108 6624
6109 7176
6110 7728
6111 8280
6112 8832
6113 552
6114 1104
6115 1656
6116 2208
6117 2760
6118 3312
6119 3864
6120 4416
6121 4968
6122 5520
6123 6072
6124 6624
6125 7176
6126 7728
6127 8280
6128 8832
6129 552
6130 1104
6131 1656
6132 2208
6133 2760
6134 3312
6135 3864
6136 4416
6137 4968
6138 5520
6139 6072
6140 6624
6141 7176
6142 7728
6143 8280
6144 8832
6145 552
6146 1104
6147 1656
6148 2208
6149 2760
6150 3312
6151 3864
6152 4416
6153 4968
6154 5520
6155 6072
6156 6624
6157 7176
6158 7728
6159 8280
6160 8832
6161 552
6162 1104
6163 1656
6164 2208
6165 2760
6166 3312
6167 3864
6168 4416
6169 4968
6170 5520
6171 6072
6172 6624
6173 7176
6174 7728
6175 8280
6176 8832
6177 552
6178 1104
6179 1656
6180 2208
6181 2760
6182 3312
6183 3864
6184 4416
6185 4968
6186 5520
6187 6072
6188 6624
6189 7176
6190 7728
6191 8280
6192 8832
6193 552
6194 1104
6195 1656
6196 2208
6197 2760
6198 3312
6199 3864
6200 4416
6201 4968
6202 5520
6203 6072
6204 6624
6205 7176
6206 7728
6207 8280
6208 8832
6209 552
6210 1104
6211 1656
6212 2208
6213 2760
6214 3312
6215 3864
6216 4416
6217 4968
6218 5520
6219 6072
6220 6624
6221 7176
6222 7728
6223 8280
6224 8832
6225 552
6226 1104
6227 1656
6228 2208
6229 2760
6230 3312
6231 3864
6232 4416
6233 4968
6234 5520
6235 6072
6236 6624
6237 7176
6238 7728
6239 8280
6240 8832
6241 552
6242 1104
6243 1656
6244 2208
6245 2760
6246 3312
6247 3864
6248 4416
6249 4968
6250 5520
6251 6072
6252 6624
6253 7176
6254 7728
6255 8280
6256 8832
6257 552
6258 1104
6259 1656
6260 2208
6261 2760
6262 3312
6263 3864
6264 4416
6265 4968
6266 5520
6267 6072
6268 6624
6269 7176
6270 7728
6271 8280
6272 8832
6273 552
6274 1104
6275 1656
6276 2208
6277 2760
6278 3312
6279 3864
6280 4416
6281 4968
6282 5520
6283 6072
6284 6624
6285 7176
6286 7728
6287 8280
6288 8832
6289 552
6290 1104
6291 1656
6292 2208
6293 2760
6294 3312
6295 3864
6296 4416
6297 4968
6298 5520
6299 6072
6300 6624
6301 7176
6302 7728
6303 8280
6304 8832
6305 552
6306 1104
6307 1656
6308 2208
6309 2760
6310 3312
6311 3864
6312 4416
6313 4968
6314 5520
6315 6072
6316 6624
6317 7176
6318 7728
6319 8280
6320 8832
6321 552
6322 1104
6323 1656
6324 2208
6325 2760
6326 3312
6327 3864
6328 4416
6329 4968
6330 5520
6331 6072
6332 6624
6333 7176
6334 7728
6335 8280
6336 8832
6337 552
6338 1104
6339 1656
6340 2208
6341 2760
6342 3312
6343 3864
6344 4416
6345 4968
6346 5520
6347 6072
6348 6624
6349 7176
6350 7728
6351 8280
6352 8832
6353 552
6354 1104
6355 1656
6356 2208
6357 2760
6358 3312
6359 3864
6360 4416
6361 4968
6362 5520
6363 6072
6364 6624
6365 7176
6366 7728
6367 8280
6368 8832
6369 552
6370 1104
6371 1656
6372 2208
6373 2760
6374 3312
6375 3864
6376 4416
6377 4968
6378 5520
6379 6072
6380 6624
6381 7176
6382 7728
6383 8280
6384 8832
6385 552
6386 1104
6387 1656
6388 2208
6389 2760
6390 3312
6391 3864
6392 4416
6393 4968
6394 5520
6395 6072
6396 6624
6397 7176
6398 7728
6399 8280
6400 8832
6401 552
6402 1104
6403 1656
6404 2208
6405 2760
6406 3312
6407 3864
6408 4416
6409 4968
6410 5520
6411 6072
6412 6624
6413 7176
6414 7728
6415 8280
6416 8832
6417 552
6418 1104
6419 1656
6420 2208
6421 2760
6422 3312
6423 3864
6424 4416
6425 4968
6426 5520
6427 6072
6428 6624
6429 7176
6430 7728
6431 8280
6432 8832
6433 552
6434 1104
6435 1656
6436 2208
6437 2760
6438 3312
6439 3864
6440 4416
6441 4968
6442 5520
6443 6072
6444 6624
6445 7176
6446 7728
6447 8280
6448 8832
6449 552
6450 1104
6451 1656
6452 2208
6453 2760
6454 3312
6455 3864
6456 4416
6457 4968
6458 5520
6459 6072
6460 6624
6461 7176
6462 7728
6463 8280
6464 8832
6465 552
6466 1104
6467 1656
6468 2208
6469 2760
6470 3312
6471 3864
6472 4416
6473 4968
6474 5520
6475 6072
6476 6624
6477 7176
6478 7728
6479 8280
6480 8832
6481 552
6482 1104
6483 1656
6484 2208
6485 2760
6486 3312
6487 3864
6488 4416
6489 4968
6490 5520
6491 6072
6492 6624
6493 7176
6494 7728
6495 8280
6496 8832
6497 552
6498 1104
6499 1656
6500 2208
6501 2760
6502 3312
6503 3864
6504 4416
6505 4968
6506 5520
6507 6072
6508 6624
6509 7176
6510 7728
6511 8280
6512 8832
6513 552
6514 1104
6515 1656
6516 2208
6517 2760
6518 3312
6519 3864
6520 4416
6521 4968
6522 5520
6523 6072
6524 6624
6525 7176
6526 7728
6527 8280
6528 8832
6529 552
6530 1104
6531 1656
6532 2208
6533 2760
6534 3312
6535 3864
6536 4416
6537 4968
6538 5520
6539 6072
6540 6624
6541 7176
6542 7728
6543 8280
6544 8832
6545 552
6546 1104
6547 1656
6548 2208
6549 2760
6550 3312
6551 3864
6552 4416
6553 4968
6554 5520
6555 6072
6556 6624
6557 7176
6558 7728
6559 8280
6560 8832
6561 552
6562 1104
6563 1656
6564 2208
6565 2760
6566 3312
6567 3864
6568 4416
6569 4968
6570 5520
6571 6072
6572 6624
6573 7176
6574 7728
6575 8280
6576 8832
6577 552
6578 1104
6579 1656
6580 2208
6581 2760
6582 3312
6583 3864
6584 4416
6585 4968
6586 5520
6587 6072
6588 6624
6589 7176
6590 7728
6591 8280
6592 8832
6593 552
6594 1104
6595 1656
6596 2208
6597 2760
6598 3312
6599 3864
6600 4416
6601 4968
6602 5520
6603 6072
6604 6624
6605 7176
6606 7728
6607 8280
6608 8832
6609 552
6610 1104
6611 1656
6612 2208
6613 2760
6614 3312
6615 3864
6616 4416
6617 4968
6618 5520
6619 6072
6620 6624
6621 7176
6622 7728
6623 8280
6624 8832
6625 552
6626 1104
6627 1656
6628 2208
6629 2760
6630 3312
6631 3864
6632 4416
6633 4968
6634 5520
6635 6072
6636 6624
6637 7176
6638 7728
6639 8280
6640 8832
6641 552
6642 1104
6643 1656
6644 2208
6645 2760
6646 3312
6647 3864
6648 4416
6649 4968
6650 5520
6651 6072
6652 6624
6653 7176
6654 7728
6655 8280
6656 8832
6657 552
6658 1104
6659 1656
6660 2208
6661 2760
6662 3312
6663 3864
6664 4416
6665 4968
6666 5520
6667 6072
6668 6624
6669 7176
6670 7728
6671 8280
6672 8832
6673 552
6674 1104
6675 1656
6676 2208
6677 2760
6678 3312
6679 3864
6680 4416
6681 4968
6682 5520
6683 6072
6684 6624
6685 7176
6686 7728
6687 8280
6688 8832
6689 552
6690 1104
6691 1656
6692 2208
6693 2760
6694 3312
6695 3864
6696 4416
6697 4968
6698 5520
6699 6072
6700 6624
6701 7176
6702 7728
6703 8280
6704 8832
6705 552
6706 1104
6707 1656
6708 2208
6709 2760
6710 3312
6711 3864
6712 4416
6713 4968
6714 5520
6715 6072
6716 6624
6717 7176
6718 7728
6719 8280
6720 8832
6721 552
6722 1104
6723 1656
6724 2208
6725 2760
6726 3312
6727 3864
6728 4416
6729 4968
6730 5520
6731 6072
6732 6624
6733 7176
6734 7728
6735 8280
6736 8832
6737 552
6738 1104
6739 1656
6740 2208
6741 2760
6742 3312
6743 3864
6744 4416
6745 4968
6746 5520
6747 6072
6748 6624
6749 7176
6750 7728
6751 8280
6752 8832
6753 552
6754 1104
6755 1656
6756 2208
6757 2760
6758 3312
6759 3864
6760 4416
6761 4968
6762 5520
6763 6072
6764 6624
6765 7176
6766 7728
6767 8280
6768 8832
6769 552
6770 1104
6771 1656
6772 2208
6773 2760
6774 3312
6775 3864
6776 4416
6777 4968
6778 5520
6779 6072
6780 6624
6781 7176
6782 7728
6783 8280
6784 8832
6785 552
6786 1104
6787 1656
6788 2208
6789 2760
6790 3312
6791 3864
6792 4416
6793 4968
6794 5520
6795 6072
6796 6624
6797 7176
6798 7728
6799 8280
6800 8832
6801 552
6802 1104
6803 1656
6804 2208
6805 2760
6806 3312
6807 3864
6808 4416
6809 4968
6810 5520
6811 6072
6812 6624
6813 7176
6814 7728
6815 8280
6816 8832
6817 552
6818 1104
6819 1656
6820 2208
6821 2760
6822 3312
6823 3864
6824 4416
6825 4968
6826 5520
6827 6072
6828 6624
6829 7176
6830 7728
6831 8280
6832 8832
6833 552
6834 1104
6835 1656
6836 2208
6837 2760
6838 3312
6839 3864
6840 4416
6841 4968
6842 5520
6843 6072
6844 6624
6845 7176
6846 7728
6847 8280
6848 8832
6849 552
6850 1104
6851 1656
6852 2208
6853 2760
6854 3312
6855 3864
6856 4416
6857 4968
6858 5520
6859 6072
6860 6624
6861 7176
6862 7728
6863 8280
6864 8832
6865 552
6866 1104
6867 1656
6868 2208
6869 2760
6870 3312
6871 3864
6872 4416
6873 4968
6874 5520
6875 6072
6876 6624
6877 7176
6878 7728
6879 8280
6880 8832
6881 552
6882 1104
6883 1656
6884 2208
6885 2760
6886 3312
6887 3864
6888 4416
6889 4968
6890 5520
6891 6072
6892 6624
6893 7176
6894 7728
6895 8280
6896 8832
6897 552
6898 1104
6899 1656
6900 2208
6901 2760
6902 3312
6903 3864
6904 4416
6905 4968
6906 5520
6907 6072
6908 6624
6909 7176
6910 7728
6911 8280
6912 8832
6913 552
6914 1104
6915 1656
6916 2208
6917 2760
6918 3312
6919 3864
6920 4416
6921 4968
6922 5520
6923 6072
6924 6624
6925 7176
6926 7728
6927 8280
6928 8832
6929 552
6930 1104
6931 1656
6932 2208
6933 2760
6934 3312
6935 3864
6936 4416
6937 4968
6938 5520
6939 6072
6940 6624
6941 7176
6942 7728
6943 8280
6944 8832
6945 552
6946 1104
6947 1656
6948 2208
6949 2760
6950 3312
6951 3864
6952 4416
6953 4968
6954 5520
6955 6072
6956 6624
6957 7176
6958 7728
6959 8280
6960 8832
6961 552
6962 1104
6963 1656
6964 2208
6965 2760
6966 3312
6967 3864
6968 4416
6969 4968
6970 5520
6971 6072
6972 6624
6973 7176
6974 7728
6975 8280
6976 8832
6977 552
6978 1104
6979 1656
6980 2208
6981 2760
6982 3312
6983 3864
6984 4416
6985 4968
6986 5520
6987 6072
6988 6624
6989 7176
6990 7728
6991 8280
6992 8832
6993 552
6994 1104
6995 1656
6996 2208
6997 2760
6998 3312
6999 3864
7000 4416
7001 4968
7002 5520
7003 6072
7004 6624
7005 7176
7006 7728
7007 8280
7008 8832
7009 552
7010 1104
7011 1656
7012 2208
7013 2760
7014 3312
7015 3864
7016 4416
7017 4968
7018 5520
7019 6072
7020 6624
7021 7176
7022 7728
7023 8280
7024 8832
7025 552
7026 1104
7027 1656
7028 2208
7029 2760
7030 3312
7031 3864
7032 4416
7033 4968
7034 5520
7035 6072
7036 6624
7037 7176
7038 7728
7039 8280
7040 8832
7041 552
7042 1104
7043 1656
7044 2208
7045 2760
7046 3312
7047 3864
7048 4416
7049 4968
7050 5520
7051 6072
7052 6624
7053 7176
7054 7728
7055 8280
7056 8832
7057 552
7058 1104
7059 1656
7060 2208
7061 2760
7062 3312
7063 3864
7064 4416
7065 4968
7066 5520
7067 6072
7068 6624
7069 7176
7070 7728
7071 8280
7072 8832
7073 552
7074 1104
7075 1656
7076 2208
7077 2760
7078 3312
7079 3864
7080 4416
7081 4968
7082 5520
7083 6072
7084 6624
7085 7176
7086 7728
7087 8280
7088 8832
7089 552
7090 1104
7091 1656
7092 2208
7093 2760
7094 3312
7095 3864
7096 4416
7097 4968
7098 5520
7099 6072
7100 6624
7101 7176
7102 7728
7103 8280
7104 8832
7105 552
7106 1104
7107 1656
7108 2208
7109 2760
7110 3312
7111 3864
7112 4416
7113 4968
7114 5520
7115 6072
7116 6624
7117 7176
7118 7728
7119 8280
7120 8832
7121 552
7122 1104
7123 1656
7124 2208
7125 2760
7126 3312
7127 3864
7128 4416
7129 4968
7130 5520
7131 6072
7132 6624
7133 7176
7134 7728
7135 8280
7136 8832
7137 552
7138 1104
7139 1656
7140 2208
7141 2760
7142 3312
7143 3864
7144 4416
7145 4968
7146 5520
7147 6072
7148 6624
7149 7176
7150 7728
7151 8280
7152 8832
7153 552
7154 1104
7155 1656
7156 2208
7157 2760
7158 3312
7159 3864
7160 4416
7161 4968
7162 5520
7163 6072
7164 6624
7165 7176
7166 7728
7167 8280
7168 8832
7169 552
7170 1104
7171 1656
7172 2208
7173 2760
7174 3312
7175 3864
7176 4416
7177 4968
7178 5520
7179 6072
7180 6624
7181 7176
7182 7728
7183 8280
7184 8832
7185 552
7186 1104
7187 1656
7188 2208
7189 2760
7190 3312
7191 3864
7192 4416
7193 4968
7194 5520
7195 6072
7196 6624
7197 7176
7198 7728
7199 8280
7200 8832
7201 552
7202 1104
7203 1656
7204 2208
7205 2760
7206 3312
7207 3864
7208 4416
7209 4968
7210 5520
7211 6072
7212 6624
7213 7176
7214 7728
7215 8280
7216 8832
7217 552
7218 1104
7219 1656
7220 2208
7221 2760
7222 3312
7223 3864
7224 4416
7225 4968
7226 5520
7227 6072
7228 6624
7229 7176
7230 7728
7231 8280
7232 8832
7233 552
7234 1104
7235 1656
7236 2208
7237 2760
7238 3312
7239 3864
7240 4416
7241 4968
7242 5520
7243 6072
7244 6624
7245 7176
7246 7728
7247 8280
7248 8832
7249 552
7250 1104
7251 1656
7252 2208
7253 2760
7254 3312
7255 3864
7256 4416
7257 4968
7258 5520
7259 6072
7260 6624
7261 7176
7262 7728
7263 8280
7264 8832
7265 552
7266 1104
7267 1656
7268 2208
7269 2760
7270 3312
7271 3864
7272 4416
7273 4968
7274 5520
7275 6072
7276 6624
7277 7176
7278 7728
7279 8280
7280 8832
7281 552
7282 1104
7283 1656
7284 2208
7285 2760
7286 3312
7287 3864
7288 4416
7289 4968
7290 5520
7291 6072
7292 6624
7293 7176
7294 7728
7295 8280
7296 8832
7297 552
7298 1104
7299 1656
7300 2208
7301 2760
7302 3312
7303 3864
7304 4416
7305 4968
7306 5520
7307 6072
7308 6624
7309 7176
7310 7728
7311 8280
7312 8832
7313 552
7314 1104
7315 1656
7316 2208
7317 2760
7318 3312
7319 3864
7320 4416
7321 4968
7322 5520
7323 6072
7324 6624
7325 7176
7326 7728
7327 8280
7328 8832
7329 552
7330 1104
7331 1656
7332 2208
7333 2760
7334 3312
7335 3864
7336 4416
7337 4968
7338 5520
7339 6072
7340 6624
7341 7176
7342 7728
7343 8280
7344 8832
7345 552
7346 1104
7347 1656
7348 2208
7349 2760
7350 3312
7351 3864
7352 4416
7353 4968
7354 5520
7355 6072
7356 6624
7357 7176
7358 7728
7359 8280
7360 8832
7361 552
7362 1104
7363 1656
7364 2208
7365 2760
7366 3312
7367 3864
7368 4416
7369 4968
7370 5520
7371 6072
7372 6624
7373 7176
7374 7728
7375 8280
7376 8832
7377 552
7378 1104
7379 1656
7380 2208
7381 2760
7382 3312
7383 3864
7384 4416
7385 4968
7386 5520
7387 6072
7388 6624
7389 7176
7390 7728
7391 8280
7392 8832
7393 552
7394 1104
7395 1656
7396 2208
7397 2760
7398 3312
7399 3864
7400 4416
7401 4968
7402 5520
7403 6072
7404 6624
7405 7176
7406 7728
7407 8280
7408 8832
7409 552
7410 1104
7411 1656
7412 2208
7413 2760
7414 3312
7415 3864
7416 4416
7417 4968
7418 5520
7419 6072
7420 6624
7421 7176
7422 7728
7423 8280
7424 8832
7425 552
7426 1104
7427 1656
7428 2208
7429 2760
7430 3312
7431 3864
7432 4416
7433 4968
7434 5520
7435 6072
7436 6624
7437 7176
7438 7728
7439 8280
7440 8832
7441 552
7442 1104
7443 1656
7444 2208
7445 2760
7446 3312
7447 3864
7448 4416
7449 4968
7450 5520
7451 6072
7452 6624
7453 7176
7454 7728
7455 8280
7456 8832
7457 552
7458 1104
7459 1656
7460 2208
7461 2760
7462 3312
7463 3864
7464 4416
7465 4968
7466 5520
7467 6072
7468 6624
7469 7176
7470 7728
7471 8280
7472 8832
7473 552
7474 1104
7475 1656
7476 2208
7477 2760
7478 3312
7479 3864
7480 4416
7481 4968
7482 5520
7483 6072
7484 6624
7485 7176
7486 7728
7487 8280
7488 8832
7489 552
7490 1104
7491 1656
7492 2208
7493 2760
7494 3312
7495 3864
7496 4416
7497 4968
7498 5520
7499 6072
7500 6624
7501 7176
7502 7728
7503 8280
7504 8832
7505 552
7506 1104
7507 1656
7508 2208
7509 2760
7510 3312
7511 3864
7512 4416
7513 4968
7514 5520
7515 6072
7516 6624
7517 7176
7518 7728
7519 8280
7520 8832
7521 552
7522 1104
7523 1656
7524 2208
7525 2760
7526 3312
7527 3864
7528 4416
7529 4968
7530 5520
7531 6072
7532 6624
7533 7176
7534 7728
7535 8280
7536 8832
7537 552
7538 1104
7539 1656
7540 2208
7541 2760
7542 3312
7543 3864
7544 4416
7545 4968
7546 5520
7547 6072
7548 6624
7549 7176
7550 7728
7551 8280
7552 8832
7553 552
7554 1104
7555 1656
7556 2208
7557 2760
7558 3312
7559 3864
7560 4416
7561 4968
7562 5520
7563 6072
7564 6624
7565 7176
7566 7728
7567 8280
7568 8832
7569 552
7570 1104
7571 1656
7572 2208
7573 2760
7574 3312
7575 3864
7576 4416
7577 4968
7578 5520
7579 6072
7580 6624
7581 7176
7582 7728
7583 8280
7584 8832
7585 552
7586 1104
7587 1656
7588 2208
7589 2760
7590 3312
7591 3864
7592 4416
7593 4968
7594 5520
7595 6072
7596 6624
7597 7176
7598 7728
7599 8280
7600 8832
7601 552
7602 1104
7603 1656
7604 2208
7605 2760
7606 3312
7607 3864
7608 4416
7609 4968
7610 5520
7611 6072
7612 6624
7613 7176
7614 7728
7615 8280
7616 8832
7617 552
7618 1104
7619 1656
7620 2208
7621 2760
7622 3312
7623 3864
7624 4416
7625 4968
7626 5520
7627 6072
7628 6624
7629 7176
7630 7728
7631 8280
7632 8832
7633 552
7634 1104
7635 1656
7636 2208
7637 2760
7638 3312
7639 3864
7640 4416
7641 4968
7642 5520
7643 6072
7644 6624
7645 7176
7646 7728
7647 8280
7648 8832
7649 552
7650 1104
7651 1656
7652 2208
7653 2760
7654 3312
7655 3864
7656 4416
7657 4968
7658 5520
7659 6072
7660 6624
7661 7176
7662 7728
7663 8280
7664 8832
7665 552
7666 1104
7667 1656
7668 2208
7669 2760
7670 3312
7671 3864
7672 4416
7673 4968
7674 5520
7675 6072
7676 6624
7677 7176
7678 7728
7679 8280
7680 8832
7681 552
7682 1104
7683 1656
7684 2208
7685 2760
7686 3312
7687 3864
7688 4416
7689 4968
7690 5520
7691 6072
7692 6624
7693 7176
7694 7728
7695 8280
7696 8832
7697 552
7698 1104
7699 1656
7700 2208
7701 2760
7702 3312
7703 3864
7704 4416
7705 4968
7706 5520
7707 6072
7708 6624
7709 7176
7710 7728
7711 8280
7712 8832
7713 552
7714 1104
7715 1656
7716 2208
7717 2760
7718 3312
7719 3864
7720 4416
7721 4968
7722 5520
7723 6072
7724 6624
7725 7176
7726 7728
7727 8280
7728 8832
7729 552
7730 1104
7731 1656
7732 2208
7733 2760
7734 3312
7735 3864
7736 4416
7737 4968
7738 5520
7739 6072
7740 6624
7741 7176
7742 7728
7743 8280
7744 8832
7745 552
7746 1104
7747 1656
7748 2208
7749 2760
7750 3312
7751 3864
7752 4416
7753 4968
7754 5520
7755 6072
7756 6624
7757 7176
7758 7728
7759 8280
7760 8832
7761 552
7762 1104
7763 1656
7764 2208
7765 2760
7766 3312
7767 3864
7768 4416
7769 4968
7770 5520
7771 6072
7772 6624
7773 7176
7774 7728
7775 8280
7776 8832
7777 552
7778 1104
7779 1656
7780 2208
7781 2760
7782 3312
7783 3864
7784 4416
7785 4968
7786 5520
7787 6072
7788 6624
7789 7176
7790 7728
7791 8280
7792 8832
7793 552
7794 1104
7795 1656
7796 2208
7797 2760
7798 3312
7799 3864
7800 4416
7801 4968
7802 5520
7803 6072
7804 6624
7805 7176
7806 7728
7807 8280
7808 8832
7809 552
7810 1104
7811 1656
7812 2208
7813 2760
7814 3312
7815 3864
7816 4416
7817 4968
7818 5520
7819 6072
7820 6624
7821 7176
7822 7728
7823 8280
7824 8832
7825 552
7826 1104
7827 1656
7828 2208
7829 2760
7830 3312
7831 3864
7832 4416
7833 4968
7834 5520
7835 6072
7836 6624
7837 7176
7838 7728
7839 8280
7840 8832
7841 552
7842 1104
7843 1656
7844 2208
7845 2760
7846 3312
7847 3864
7848 4416
7849 4968
7850 5520
7851 6072
7852 6624
7853 7176
7854 7728
7855 8280
7856 8832
7857 552
7858 1104
7859 1656
7860 2208
7861 2760
7862 3312
7863 3864
7864 4416
7865 4968
7866 5520
7867 6072
7868 6624
7869 7176
7870 7728
7871 8280
7872 8832
7873 552
7874 1104
7875 1656
7876 2208
7877 2760
7878 3312
7879 3864
7880 4416
7881 4968
7882 5520
7883 6072
7884 6624
7885 7176
7886 7728
7887 8280
7888 8832
7889 552
7890 1104
7891 1656
7892 2208
7893 2760
7894 3312
7895 3864
7896 4416
7897 4968
7898 5520
7899 6072
7900 6624
7901 7176
7902 7728
7903 8280
7904 8832
7905 552
7906 1104
7907 1656
7908 2208
7909 2760
7910 3312
7911 3864
7912 4416
7913 4968
7914 5520
7915 6072
7916 6624
7917 7176
7918 7728
7919 8280
7920 8832
7921 552
7922 1104
7923 1656
7924 2208
7925 2760
7926 3312
7927 3864
7928 4416
7929 4968
7930 5520
7931 6072
7932 6624
7933 7176
7934 7728
7935 8280
7936 8832
7937 552
7938 1104
7939 1656
7940 2208
7941 2760
7942 3312
7943 3864
7944 4416
7945 4968
7946 5520
7947 6072
7948 6624
7949 7176
7950 7728
7951 8280
7952 8832
7953 552
7954 1104
7955 1656
7956 2208
7957 2760
7958 3312
7959 3864
7960 4416
7961 4968
7962 5520
7963 6072
7964 6624
7965 7176
7966 7728
7967 8280
7968 8832
7969 552
7970 1104
7971 1656
7972 2208
7973 2760
7974 3312
7975 3864
7976 4416
7977 4968
7978 5520
7979 6072
7980 6624
7981 7176
7982 7728
7983 8280
7984 8832
7985 552
7986 1104
7987 1656
7988 2208
7989 2760
7990 3312
7991 3864
7992 4416
7993 4968
7994 5520
7995 6072
7996 6624
7997 7176
7998 7728
7999 8280
8000 8832
8001 552
8002 1104
8003 1656
8004 2208
8005 2760
8006 3312
8007 3864
8008 4416
8009 4968
8010 5520
8011 6072
8012 6624
8013 7176
8014 7728
8015 8280
8016 8832
8017 552
8018 1104
8019 1656
8020 2208
8021 2760
8022 3312
8023 3864
8024 4416
8025 4968
8026 5520
8027 6072
8028 6624
8029 7176
8030 7728
8031 8280
8032 8832
8033 552
8034 1104
8035 1656
8036 2208
8037 2760
8038 3312
8039 3864
8040 4416
8041 4968
8042 5520
8043 6072
8044 6624
8045 7176
8046 7728
8047 8280
8048 8832
8049 552
8050 1104
8051 1656
8052 2208
8053 2760
8054 3312
8055 3864
8056 4416
8057 4968
8058 5520
8059 6072
8060 6624
8061 7176
8062 7728
8063 8280
8064 8832
8065 552
8066 1104
8067 1656
8068 2208
8069 2760
8070 3312
8071 3864
8072 4416
8073 4968
8074 5520
8075 6072
8076 6624
8077 7176
8078 7728
8079 8280
8080 8832
8081 552
8082 1104
8083 1656
8084 2208
8085 2760
8086 3312
8087 3864
8088 4416
8089 4968
8090 5520
8091 6072
8092 6624
8093 7176
8094 7728
8095 8280
8096 8832
8097 552
8098 1104
8099 1656
8100 2208
8101 2760
8102 3312
8103 3864
8104 4416
8105 4968
8106 5520
8107 6072
8108 6624
8109 7176
8110 7728
8111 8280
8112 8832
8113 552
8114 1104
8115 1656
8116 2208
8117 2760
8118 3312
8119 3864
8120 4416
8121 4968
8122 5520
8123 6072
8124 6624
8125 7176
8126 7728
8127 8280
8128 8832
8129 552
8130 1104
8131 1656
8132 2208
8133 2760
8134 3312
8135 3864
8136 4416
8137 4968
8138 5520
8139 6072
8140 6624
8141 7176
8142 7728
8143 8280
8144 8832
8145 552
8146 1104
8147 1656
8148 2208
8149 2760
8150 3312
8151 3864
8152 4416
8153 4968
8154 5520
8155 6072
8156 6624
8157 7176
8158 7728
8159 8280
8160 8832
8161 552
8162 1104
8163 1656
8164 2208
8165 2760
8166 3312
8167 3864
8168 4416
8169 4968
8170 5520
8171 6072
8172 6624
8173 7176
8174 7728
8175 8280
8176 8832
8177 552
8178 1104
8179 1656
8180 2208
8181 2760
8182 3312
8183 3864
8184 4416
8185 4968
8186 5520
8187 6072
8188 6624
8189 7176
8190 7728
8191 8280
8192 8832
8193 552
8194 1104
8195 1656
8196 2208
8197 2760
8198 3312
8199 3864
8200 4416
8201 4968
8202 5520
8203 6072
8204 6624
8205 7176
8206 7728
8207 8280
8208 8832
8209 552
8210 1104
8211 1656
8212 2208
8213 2760
8214 3312
8215 3864
8216 4416
8217 4968
8218 5520
8219 6072
8220 6624
8221 7176
8222 7728
8223 8280
8224 8832
8225 552
8226 1104
8227 1656
8228 2208
8229 2760
8230 3312
8231 3864
8232 4416
8233 4968
8234 5520
8235 6072
8236 6624
8237 7176
8238 7728
8239 8280
8240 8832
8241 552
8242 1104
8243 1656
8244 2208
8245 2760
8246 3312
8247 3864
8248 4416
8249 4968
8250 5520
8251 6072
8252 6624
8253 7176
8254 7728
8255 8280
8256 8832
8257 552
8258 1104
8259 1656
8260 2208
8261 2760
8262 3312
8263 3864
8264 4416
8265 4968
8266 5520
8267 6072
8268 6624
8269 7176
8270 7728
8271 8280
8272 8832
8273 552
8274 1104
8275 1656
8276 2208
8277 2760
8278 3312
8279 3864
8280 4416
8281 4968
8282 5520
8283 6072
8284 6624
8285 7176
8286 7728
8287 8280
8288 8832
8289 552
8290 1104
8291 1656
8292 2208
8293 2760
8294 3312
8295 3864
8296 4416
8297 4968
8298 5520
8299 6072
8300 6624
8301 7176
8302 7728
8303 8280
8304 8832
8305 552
8306 1104
8307 1656
8308 2208
8309 2760
8310 3312
8311 3864
8312 4416
8313 4968
8314 5520
8315 6072
8316 6624
8317 7176
8318 7728
8319 8280
8320 8832
8321 552
8322 1104
8323 1656
8324 2208
8325 2760
8326 3312
8327 3864
8328 4416
8329 4968
8330 5520
8331 6072
8332 6624
8333 7176
8334 7728
8335 8280
8336 8832
8337 552
8338 1104
8339 1656
8340 2208
8341 2760
8342 3312
8343 3864
8344 4416
8345 4968
8346 5520
8347 6072
8348 6624
8349 7176
8350 7728
8351 8280
8352 8832
8353 552
8354 1104
8355 1656
8356 2208
8357 2760
8358 3312
8359 3864
8360 4416
8361 4968
8362 5520
8363 6072
8364 6624
8365 7176
8366 7728
8367 8280
8368 8832
8369 552
8370 1104
8371 1656
8372 2208
8373 2760
8374 3312
8375 3864
8376 4416
8377 4968
8378 5520
8379 6072
8380 6624
8381 7176
8382 7728
8383 8280
8384 8832
8385 552
8386 1104
8387 1656
8388 2208
8389 2760
8390 3312
8391 3864
8392 4416
8393 4968
8394 5520
8395 6072
8396 6624
8397 7176
8398 7728
8399 8280
8400 8832
8401 552
8402 1104
8403 1656
8404 2208
8405 2760
8406 3312
8407 3864
8408 4416
8409 4968
8410 5520
8411 6072
8412 6624
8413 7176
8414 7728
8415 8280
8416 8832
8417 552
8418 1104
8419 1656
8420 2208
8421 2760
8422 3312
8423 3864
8424 4416
8425 4968
8426 5520
8427 6072
8428 6624
8429 7176
8430 7728
8431 8280
8432 8832
8433 552
8434 1104
8435 1656
8436 2208
8437 2760
8438 3312
8439 3864
8440 4416
8441 4968
8442 5520
8443 6072
8444 6624
8445 7176
8446 7728
8447 8280
8448 8832
8449 552
8450 1104
8451 1656
8452 2208
8453 2760
8454 3312
8455 3864
8456 4416
8457 4968
8458 5520
8459 6072
8460 6624
8461 7176
8462 7728
8463 8280
8464 8832
8465 552
8466 1104
8467 1656
8468 2208
8469 2760
8470 3312
8471 3864
8472 4416
8473 4968
8474 5520
8475 6072
8476 6624
8477 7176
8478 7728
8479 8280
8480 8832
8481 552
8482 1104
8483 1656
8484 2208
8485 2760
8486 3312
8487 3864
8488 4416
8489 4968
8490 5520
8491 6072
8492 6624
8493 7176
8494 7728
8495 8280
8496 8832
8497 552
8498 1104
8499 1656
8500 2208
8501 2760
8502 3312
8503 3864
8504 4416
8505 4968
8506 5520
8507 6072
8508 6624
8509 7176
8510 7728
8511 8280
8512 8832
8513 552
8514 1104
8515 1656
8516 2208
8517 2760
8518 3312
8519 3864
8520 4416
8521 4968
8522 5520
8523 6072
8524 6624
8525 7176
8526 7728
8527 8280
8528 8832
8529 552
8530 1104
8531 1656
8532 2208
8533 2760
8534 3312
8535 3864
8536 4416
8537 4968
8538 5520
8539 6072
8540 6624
8541 7176
8542 7728
8543 8280
8544 8832
8545 552
8546 1104
8547 1656
8548 2208
8549 2760
8550 3312
8551 3864
8552 4416
8553 4968
8554 5520
8555 6072
8556 6624
8557 7176
8558 7728
8559 8280
8560 8832
8561 552
8562 1104
8563 1656
8564 2208
8565 2760
8566 3312
8567 3864
8568 4416
8569 4968
8570 5520
8571 6072
8572 6624
8573 7176
8574 7728
8575 8280
8576 8832
8577 552
8578 1104
8579 1656
8580 2208
8581 2760
8582 3312
8583 3864
8584 4416
8585 4968
8586 5520
8587 6072
8588 6624
8589 7176
8590 7728
8591 8280
8592 8832
8593 552
8594 1104
8595 1656
8596 2208
8597 2760
8598 3312
8599 3864
8600 4416
8601 4968
8602 5520
8603 6072
8604 6624
8605 7176
8606 7728
8607 8280
8608 8832
8609 552
8610 1104
8611 1656
8612 2208
8613 2760
8614 3312
8615 3864
8616 4416
8617 4968
8618 5520
8619 6072
8620 6624
8621 7176
8622 7728
8623 8280
8624 8832
8625 552
8626 1104
8627 1656
8628 2208
8629 2760
8630 3312
8631 3864
8632 4416
8633 4968
8634 5520
8635 6072
8636 6624
8637 7176
8638 7728
8639 8280
8640 8832
8641 552
8642 1104
8643 1656
8644 2208
8645 2760
8646 3312
8647 3864
8648 4416
8649 4968
8650 5520
8651 6072
8652 6624
8653 7176
8654 7728
8655 8280
8656 8832
8657 552
8658 1104
8659 1656
8660 2208
8661 2760
8662 3312
8663 3864
8664 4416
8665 4968
8666 5520
8667 6072
8668 6624
8669 7176
8670 7728
8671 8280
8672 8832
8673 552
8674 1104
8675 1656
8676 2208
8677 2760
8678 3312
8679 3864
8680 4416
8681 4968
8682 5520
8683 6072
8684 6624
8685 7176
8686 7728
8687 8280
8688 8832
8689 552
8690 1104
8691 1656
8692 2208
8693 2760
8694 3312
8695 3864
8696 4416
8697 4968
8698 5520
8699 6072
8700 6624
8701 7176
8702 7728
8703 8280
8704 8832
8705 552
8706 1104
8707 1656
8708 2208
8709 2760
8710 3312
8711 3864
8712 4416
8713 4968
8714 5520
8715 6072
8716 6624
8717 7176
8718 7728
8719 8280
8720 8832
8721 552
8722 1104
8723 1656
8724 2208
8725 2760
8726 3312
8727 3864
8728 4416
8729 4968
8730 5520
8731 6072
8732 6624
8733 7176
8734 7728
8735 8280
8736 8832
8737 552
8738 1104
8739 1656
8740 2208
8741 2760
8742 3312
8743 3864
8744 4416
8745 4968
8746 5520
8747 6072
8748 6624
8749 7176
8750 7728
8751 8280
8752 8832
8753 552
8754 1104
8755 1656
8756 2208
8757 2760
8758 3312
8759 3864
8760 4416
8761 4968
8762 5520
8763 6072
8764 6624
8765 7176
8766 7728
8767 8280
8768 8832
8769 552
8770 1104
8771 1656
8772 2208
8773 2760
8774 3312
8775 3864
8776 4416
8777 4968
8778 5520
8779 6072
8780 6624
8781 7176
8782 7728
8783 8280
8784 8832
8785 552
8786 1104
8787 1656
8788 2208
8789 2760
8790 3312
8791 3864
8792 4416
8793 4968
8794 5520
8795 6072
8796 6624
8797 7176
8798 7728
8799 8280
8800 8832
8801 552
8802 1104
8803 1656
8804 2208
8805 2760
8806 3312
8807 3864
8808 4416
8809 4968
8810 5520
8811 6072
8812 6624
8813 7176
8814 7728
8815 8280
8816 8832
8817 552
8818 1104
8819 1656
8820 2208
8821 2760
8822 3312
8823 3864
8824 4416
8825 4968
8826 5520
8827 6072
8828 6624
8829 7176
8830 7728
8831 8280
8832 8832
8833 552
8834 1104
8835 1656
8836 2208
8837 2760
8838 3312
8839 3864
8840 4416
8841 4968
8842 5520
8843 6072
8844 6624
8845 7176
8846 7728
8847 8280
8848 8832
8849 552
8850 1104
8851 1656
8852 2208
8853 2760
8854 3312
8855 3864
8856 4416
8857 4968
8858 5520
8859 6072
8860 6624
8861 7176
8862 7728
8863 8280
8864 8832
8865 552
8866 1104
8867 1656
8868 2208
8869 2760
8870 3312
8871 3864
8872 4416
8873 4968
8874 5520
8875 6072
8876 6624
8877 7176
8878 7728
8879 8280
8880 8832
8881 552
8882 1104
8883 1656
8884 2208
8885 2760
8886 3312
8887 3864
8888 4416
8889 4968
8890 5520
8891 6072
8892 6624
8893 7176
8894 7728
8895 8280
8896 8832
8897 552
8898 1104
8899 1656
8900 2208
8901 2760
8902 3312
8903 3864
8904 4416
8905 4968
8906 5520
8907 6072
8908 6624
8909 7176
8910 7728
8911 8280
8912 8832
8913 552
8914 1104
8915 1656
8916 2208
8917 2760
8918 3312
8919 3864
8920 4416
8921 4968
8922 5520
8923 6072
8924 6624
8925 7176
8926 7728
8927 8280
8928 8832
8929 552
8930 1104
8931 1656
8932 2208
8933 2760
8934 3312
8935 3864
8936 4416
8937 4968
8938 5520
8939 6072
8940 6624
8941 7176
8942 7728
8943 8280
8944 8832
8945 552
8946 1104
8947 1656
8948 2208
8949 2760
8950 3312
8951 3864
8952 4416
8953 4968
8954 5520
8955 6072
8956 6624
8957 7176
8958 7728
8959 8280
8960 8832
8961 552
8962 1104
8963 1656
8964 2208
8965 2760
8966 3312
8967 3864
8968 4416
8969 4968
8970 5520
8971 6072
8972 6624
8973 7176
8974 7728
8975 8280
8976 8832
8977 552
8978 1104
8979 1656
8980 2208
8981 2760
8982 3312
8983 3864
8984 4416
8985 4968
8986 5520
8987 6072
8988 6624
8989 7176
8990 7728
8991 8280
8992 8832
8993 552
8994 1104
8995 1656
8996 2208
8997 2760
8998 3312
8999 3864
9000 4416
9001 4968
9002 5520
9003 6072
9004 6624
9005 7176
9006 7728
9007 8280
9008 8832
9009 552
9010 1104
9011 1656
9012 2208
9013 2760
9014 3312
9015 3864
9016 4416
9017 4968
9018 5520
9019 6072
9020 6624
9021 7176
9022 7728
9023 8280
9024 8832
9025 552
9026 1104
9027 1656
9028 2208
9029 2760
9030 3312
9031 3864
9032 4416
9033 4968
9034 5520
9035 6072
9036 6624
9037 7176
9038 7728
9039 8280
9040 8832
9041 552
9042 1104
9043 1656
9044 2208
9045 2760
9046 3312
9047 3864
9048 4416
9049 4968
9050 5520
9051 6072
9052 6624
9053 7176
9054 7728
9055 8280
9056 8832
9057 552
9058 1104
9059 1656
9060 2208
9061 2760
9062 3312
9063 3864
9064 4416
9065 4968
9066 5520
9067 6072
9068 6624
9069 7176
9070 7728
9071 8280
9072 8832
9073 552
9074 1104
9075 1656
9076 2208
9077 2760
9078 3312
9079 3864
9080 4416
9081 4968
9082 5520
9083 6072
9084 6624
9085 7176
9086 7728
9087 8280
9088 8832
9089 552
9090 1104
9091 1656
9092 2208
9093 2760
9094 3312
9095 3864
9096 4416
9097 4968
9098 5520
9099 6072
9100 6624
9101 7176
9102 7728
9103 8280
9104 8832
9105 552
9106 1104
9107 1656
9108 2208
9109 2760
9110 3312
9111 3864
9112 4416
9113 4968
9114 5520
9115 6072
9116 6624
9117 7176
9118 7728
9119 8280
9120 8832
9121 552
9122 1104
9123 1656
9124 2208
9125 2760
9126 3312
9127 3864
9128 4416
9129 4968
9130 5520
9131 6072
9132 6624
9133 7176
9134 7728
9135 8280
9136 8832
9137 552
9138 1104
9139 1656
9140 2208
9141 2760
9142 3312
9143 3864
9144 4416
9145 4968
9146 5520
9147 6072
9148 6624
9149 7176
9150 7728
9151 8280
9152 8832
9153 552
9154 1104
9155 1656
9156 2208
9157 2760
9158 3312
9159 3864
9160 4416
9161 4968
9162 5520
9163 6072
9164 6624
9165 7176
9166 7728
9167 8280
9168 8832
9169 552
9170 1104
9171 1656
9172 2208
9173 2760
9174 3312
9175 3864
9176 4416
9177 4968
9178 5520
9179 6072
9180 6624
9181 7176
9182 7728
9183 8280
9184 8832
9185 552
9186 1104
9187 1656
9188 2208
9189 2760
9190 3312
9191 3864
9192 4416
9193 4968
9194 5520
9195 6072
9196 6624
9197 7176
9198 7728
9199 8280
9200 8832
9201 552
9202 1104
9203 1656
9204 2208
9205 2760
9206 3312
9207 3864
9208 4416
9209 4968
9210 5520
9211 6072
9212 6624
9213 7176
9214 7728
9215 8280
9216 8832
9217 552
9218 1104
9219 1656
9220 2208
9221 2760
9222 3312
9223 3864
9224 4416
9225 4968
9226 5520
9227 6072
9228 6624
9229 7176
9230 7728
9231 8280
9232 8832
9233 552
9234 1104
9235 1656
9236 2208
9237 2760
9238 3312
9239 3864
9240 4416
9241 4968
9242 5520
9243 6072
9244 6624
9245 7176
9246 7728
9247 8280
9248 8832
9249 552
9250 1104
9251 1656
9252 2208
9253 2760
9254 3312
9255 3864
9256 4416
9257 4968
9258 5520
9259 6072
9260 6624
9261 7176
9262 7728
9263 8280
9264 8832
9265 552
9266 1104
9267 1656
9268 2208
9269 2760
9270 3312
9271 3864
9272 4416
9273 4968
9274 5520
9275 6072
9276 6624
9277 7176
9278 7728
9279 8280
9280 8832
9281 552
9282 1104
9283 1656
9284 2208
9285 2760
9286 3312
9287 3864
9288 4416
9289 4968
9290 5520
9291 6072
9292 6624
9293 7176
9294 7728
9295 8280
9296 8832
9297 552
9298 1104
9299 1656
9300 2208
9301 2760
9302 3312
9303 3864
9304 4416
9305 4968
9306 5520
9307 6072
9308 6624
9309 7176
9310 7728
9311 8280
9312 8832
9313 552
9314 1104
9315 1656
9316 2208
9317 2760
9318 3312
9319 3864
9320 4416
9321 4968
9322 5520
9323 6072
9324 6624
9325 7176
9326 7728
9327 8280
9328 8832
9329 552
9330 1104
9331 1656
9332 2208
9333 2760
9334 3312
9335 3864
9336 4416
9337 4968
9338 5520
9339 6072
9340 6624
9341 7176
9342 7728
9343 8280
9344 8832
9345 552
9346 1104
9347 1656
9348 2208
9349 2760
9350 3312
9351 3864
9352 4416
9353 4968
9354 5520
9355 6072
9356 6624
9357 7176
9358 7728
9359 8280
9360 8832
9361 552
9362 1104
9363 1656
9364 2208
9365 2760
9366 3312
9367 3864
9368 4416
9369 4968
9370 5520
9371 6072
9372 6624
9373 7176
9374 7728
9375 8280
9376 8832
9377 552
9378 1104
9379 1656
9380 2208
9381 2760
9382 3312
9383 3864
9384 4416
9385 4968
9386 5520
9387 6072
9388 6624
9389 7176
9390 7728
9391 8280
9392 8832
9393 552
9394 1104
9395 1656
9396 2208
9397 2760
9398 3312
9399 3864
9400 4416
9401 4968
9402 5520
9403 6072
9404 6624
9405 7176
9406 7728
9407 8280
9408 8832
9409 552
9410 1104
9411 1656
9412 2208
9413 2760
9414 3312
9415 3864
9416 4416
9417 4968
9418 5520
9419 6072
9420 6624
9421 7176
9422 7728
9423 8280
9424 8832
9425 552
9426 1104
9427 1656
9428 2208
9429 2760
9430 3312
9431 3864
9432 4416
9433 4968
9434 5520
9435 6072
9436 6624
9437 7176
9438 7728
9439 8280
9440 8832
9441 552
9442 1104
9443 1656
9444 2208
9445 2760
9446 3312
9447 3864
9448 4416
9449 4968
9450 5520
9451 6072
9452 6624
9453 7176
9454 7728
9455 8280
9456 8832
9457 552
9458 1104
9459 1656
9460 2208
9461 2760
9462 3312
9463 3864
9464 4416
9465 4968
9466 5520
9467 6072
9468 6624
9469 7176
9470 7728
9471 8280
9472 8832
9473 552
9474 1104
9475 1656
9476 2208
9477 2760
9478 3312
9479 3864
9480 4416
9481 4968
9482 5520
9483 6072
9484 6624
9485 7176
9486 7728
9487 8280
9488 8832
9489 552
9490 1104
9491 1656
9492 2208
9493 2760
9494 3312
9495 3864
9496 4416
9497 4968
9498 5520
9499 6072
9500 6624
9501 7176
9502 7728
9503 8280
9504 8832
9505 552
9506 1104
9507 1656
9508 2208
9509 2760
9510 3312
9511 3864
9512 4416
9513 4968
9514 5520
9515 6072
9516 6624
9517 7176
9518 7728
9519 8280
9520 8832
9521 552
9522 1104
9523 1656
9524 2208
9525 2760
9526 3312
9527 3864
9528 4416
9529 4968
9530 5520
9531 6072
9532 6624
9533 7176
9534 7728
9535 8280
9536 8832
9537 552
9538 1104
9539 1656
9540 2208
9541 2760
9542 3312
9543 3864
9544 4416
9545 4968
9546 5520
9547 6072
9548 6624
9549 7176
9550 7728
9551 8280
9552 8832
9553 552
9554 1104
9555 1656
9556 2208
9557 2760
9558 3312
9559 3864
9560 4416
9561 4968
9562 5520
9563 6072
9564 6624
9565 7176
9566 7728
9567 8280
9568 8832
9569 552
9570 1104
9571 1656
9572 2208
9573 2760
9574 3312
9575 3864
9576 4416
9577 4968
9578 5520
9579 6072
9580 6624
9581 7176
9582 7728
9583 8280
9584 8832
9585 552
9586 1104
9587 1656
9588 2208
9589 2760
9590 3312
9591 3864
9592 4416
9593 4968
9594 5520
9595 6072
9596 6624
9597 7176
9598 7728
9599 8280
9600 8832
9601 552
9602 1104
9603 1656
9604 2208
9605 2760
9606 3312
9607 3864
9608 4416
9609 4968
9610 5520
9611 6072
9612 6624
9613 7176
9614 7728
9615 8280
9616 8832
9617 552
9618 1104
9619 1656
9620 2208
9621 2760
9622 3312
9623 3864
9624 4416
9625 4968
9626 5520
9627 6072
9628 6624
9629 7176
9630 7728
9631 8280
9632 8832
9633 552
9634 1104
9635 1656
9636 2208
9637 2760
9638 3312
9639 3864
9640 4416
9641 4968
9642 5520
9643 6072
9644 6624
9645 7176
9646 7728
9647 8280
9648 8832
9649 552
9650 1104
9651 1656
9652 2208
9653 2760
9654 3312
9655 3864
9656 4416
9657 4968
9658 5520
9659 6072
9660 6624
9661 7176
9662 7728
9663 8280
9664 8832
9665 552
9666 1104
9667 1656
9668 2208
9669 2760
9670 3312
9671 3864
9672 4416
9673 4968
9674 5520
9675 6072
9676 6624
9677 7176
9678 7728
9679 8280
9680 8832
9681 552
9682 1104
9683 1656
9684 2208
9685 2760
9686 3312
9687 3864
9688 4416
9689 4968
9690 5520
9691 6072
9692 6624
9693 7176
9694 7728
9695 8280
9696 8832
9697 552
9698 1104
9699 1656
9700 2208
9701 2760
9702 3312
9703 3864
9704 4416
9705 4968
9706 5520
9707 6072
9708 6624
9709 7176
9710 7728
9711 8280
9712 8832
9713 552
9714 1104
9715 1656
9716 2208
9717 2760
9718 3312
9719 3864
9720 4416
9721 4968
9722 5520
9723 6072
9724 6624
9725 7176
9726 7728
9727 8280
9728 8832
9729 552
9730 1104
9731 1656
9732 2208
9733 2760
9734 3312
9735 3864
9736 4416
9737 4968
9738 5520
9739 6072
9740 6624
9741 7176
9742 7728
9743 8280
9744 8832
9745 552
9746 1104
9747 1656
9748 2208
9749 2760
9750 3312
9751 3864
9752 4416
9753 4968
9754 5520
9755 6072
9756 6624
9757 7176
9758 7728
9759 8280
9760 8832
9761 552
9762 1104
9763 1656
9764 2208
9765 2760
9766 3312
9767 3864
9768 4416
9769 4968
9770 5520
9771 6072
9772 6624
9773 7176
9774 7728
9775 8280
9776 8832
9777 552
9778 1104
9779 1656
9780 2208
9781 2760
9782 3312
9783 3864
9784 4416
9785 4968
9786 5520
9787 6072
9788 6624
9789 7176
9790 7728
9791 8280
9792 8832
9793 552
9794 1104
9795 1656
9796 2208
9797 2760
9798 3312
9799 3864
9800 4416
9801 4968
9802 5520
9803 6072
9804 6624
9805 7176
9806 7728
9807 8280
9808 8832
9809 552
9810 1104
9811 1656
9812 2208
9813 2760
9814 3312
9815 3864
9816 4416
9817 4968
9818 5520
9819 6072
9820 6624
9821 7176
9822 7728
9823 8280
9824 8832
9825 552
9826 1104
9827 1656
9828 2208
9829 2760
9830 3312
9831 3864
9832 4416
9833 4968
9834 5520
9835 6072
9836 6624
9837 7176
9838 7728
9839 8280
9840 8832
9841 552
9842 1104
9843 1656
9844 2208
9845 2760
9846 3312
9847 3864
9848 4416
9849 4968
9850 5520
9851 6072
9852 6624
9853 7176
9854 7728
9855 8280
9856 8832
9857 552
9858 1104
9859 1656
9860 2208
9861 2760
9862 3312
9863 3864
9864 4416
9865 4968
9866 5520
9867 6072
9868 6624
9869 7176
9870 7728
9871 8280
9872 8832
9873 552
9874 1104
9875 1656
9876 2208
9877 2760
9878 3312
9879 3864
9880 4416
9881 4968
9882 5520
9883 6072
9884 6624
9885 7176
9886 7728
9887 8280
9888 8832
9889 552
9890 1104
9891 1656
9892 2208
9893 2760
9894 3312
9895 3864
9896 4416
9897 4968
9898 5520
9899 6072
9900 6624
9901 7176
9902 7728
9903 8280
9904 8832
9905 552
9906 1104
9907 1656
9908 2208
9909 2760
9910 3312
9911 3864
9912 4416
9913 4968
9914 5520
9915 6072
9916 6624
9917 7176
9918 7728
9919 8280
9920 8832
9921 552
9922 1104
9923 1656
9924 2208
9925 2760
9926 3312
9927 3864
9928 4416
9929 4968
9930 5520
9931 6072
9932 6624
9933 7176
9934 7728
9935 8280
9936 8832
9937 552
9938 1104
9939 1656
9940 2208
9941 2760
9942 3312
9943 3864
9944 4416
9945 4968
9946 5520
9947 6072
9948 6624
9949 7176
9950 7728
9951 8280
9952 8832
9953 552
9954 1104
9955 1656
9956 2208
9957 2760
9958 3312
9959 3864
9960 4416
9961 4968
9962 5520
9963 6072
9964 6624
9965 7176
9966 7728
9967 8280
9968 8832
9969 552
9970 1104
9971 1656
9972 2208
9973 2760
9974 3312
9975 3864
9976 4416
9977 4968
9978 5520
9979 6072
9980 6624
9981 7176
9982 7728
9983 8280
9984 8832
9985 552
9986 1104
9987 1656
9988 2208
9989 2760
9990 3312
9991 3864
9992 4416
9993 4968
9994 5520
9995 6072
9996 6624
9997 7176
9998 7728
9999 8280
10000 8832
